0.0 2.0 2.0 2.0 2.0 2.0 2.0 2.0 2.0 2.0 2.0 2.0 2.0 2.0 2.0 2.0 2.0 2.0 2.0 2.0
2.0 0.0 1.97907949791 2.0 2.0 2.0 2.0 2.0 2.0 2.0 2.0 1.94037656904 1.98744769874 1.99372384937 1.97659130992 2.0 2.0 2.0 2.0 1.97698882314
2.0 1.97907949791 0.0 2.0 2.0 2.0 2.0 2.0 2.0 2.0 2.0 1.97667638484 2.0 2.0 2.0 2.0 2.0 2.0 2.0 1.99600826524
2.0 2.0 2.0 0.0 2.0 2.0 2.0 2.0 2.0 2.0 2.0 2.0 2.0 2.0 2.0 2.0 2.0 2.0 2.0 2.0
2.0 2.0 2.0 2.0 0.0 2.0 2.0 2.0 2.0 2.0 2.0 2.0 2.0 2.0 2.0 2.0 2.0 2.0 2.0 2.0
2.0 2.0 2.0 2.0 2.0 0.0 2.0 2.0 2.0 2.0 2.0 2.0 2.0 2.0 2.0 2.0 2.0 2.0 2.0 2.0
2.0 2.0 2.0 2.0 2.0 2.0 0.0 2.0 2.0 2.0 2.0 2.0 1.99583541563 2.0 2.0 2.0 1.99979019805 2.0 2.0 2.0
2.0 2.0 2.0 2.0 2.0 2.0 2.0 0.0 2.0 2.0 2.0 2.0 1.97590361446 2.0 2.0 2.0 2.0 2.0 2.0 2.0
2.0 2.0 2.0 2.0 2.0 2.0 2.0 2.0 0.0 2.0 2.0 2.0 2.0 2.0 2.0 2.0 2.0 2.0 2.0 2.0
2.0 2.0 2.0 2.0 2.0 2.0 2.0 2.0 2.0 0.0 2.0 2.0 1.99925037481 2.0 2.0 2.0 2.0 2.0 2.0 2.0
2.0 2.0 2.0 2.0 2.0 2.0 2.0 2.0 2.0 2.0 0.0 2.0 2.0 2.0 2.0 2.0 2.0 2.0 2.0 2.0
2.0 1.94037656904 1.97667638484 2.0 2.0 2.0 2.0 2.0 2.0 2.0 2.0 0.0 2.0 2.0 2.0 2.0 2.0 2.0 2.0 2.0
2.0 1.98744769874 2.0 2.0 2.0 2.0 1.99583541563 1.97590361446 2.0 1.99925037481 2.0 2.0 0.0 1.76864520814 2.0 1.98770894789 1.99926569319 2.0 1.99206703357 1.99753451677
2.0 1.99372384937 2.0 2.0 2.0 2.0 2.0 2.0 2.0 2.0 2.0 2.0 1.76864520814 0.0 2.0 2.0 2.0 2.0 1.98363825673 1.99859115244
2.0 1.97659130992 2.0 2.0 2.0 2.0 2.0 2.0 2.0 2.0 2.0 2.0 2.0 2.0 0.0 1.96151996152 1.86957203309 1.96623376623 2.0 1.98274161736
2.0 2.0 2.0 2.0 2.0 2.0 2.0 2.0 2.0 2.0 2.0 2.0 1.98770894789 2.0 1.96151996152 0.0 1.78489827019 1.99147820387 1.98363825673 2.0
2.0 2.0 2.0 2.0 2.0 2.0 1.99979019805 2.0 2.0 2.0 2.0 2.0 1.99926569319 2.0 1.86957203309 1.78489827019 0.0 1.99811178248 1.97471366949 2.0
2.0 2.0 2.0 2.0 2.0 2.0 2.0 2.0 2.0 2.0 2.0 2.0 2.0 2.0 1.96623376623 1.99147820387 1.99811178248 0.0 2.0 2.0
2.0 2.0 2.0 2.0 2.0 2.0 2.0 2.0 2.0 2.0 2.0 2.0 1.99206703357 1.98363825673 2.0 1.98363825673 1.97471366949 2.0 0.0 1.99953038415
2.0 1.97698882314 1.99600826524 2.0 2.0 2.0 2.0 2.0 2.0 2.0 2.0 2.0 1.99753451677 1.99859115244 1.98274161736 2.0 2.0 2.0 1.99953038415 0.0
