0.00000 0.99393 0.99626 0.98980 0.98579 0.99796 0.99954 0.97615 0.99239 0.98665
0.99393 0.00000 0.93965 0.97657 0.99237 0.96395 0.91340 0.96645 0.97762 0.88813
0.99626 0.93965 0.00000 0.99401 0.99294 0.98654 0.99319 0.99007 0.88488 0.94249
0.98980 0.97657 0.99401 0.00000 0.99331 0.99981 0.95420 0.99473 0.99582 0.96413
0.98579 0.99237 0.99294 0.99331 0.00000 0.99400 0.99872 0.98204 0.98814 0.98089
0.99796 0.96395 0.98654 0.99981 0.99400 0.00000 0.99516 0.98240 0.99548 0.98194
0.99954 0.91340 0.99319 0.95420 0.99872 0.99516 0.00000 0.99817 0.99941 0.98701
0.97615 0.96645 0.99007 0.99473 0.98204 0.98240 0.99817 0.00000 0.94402 0.92579
0.99239 0.97762 0.88488 0.99582 0.98814 0.99548 0.99941 0.94402 0.00000 0.93437
0.98665 0.88813 0.94249 0.96413 0.98089 0.98194 0.98701 0.92579 0.93437 0.00000
