0.00000 1.00000 0.99998 0.99999 0.99999 0.99999 1.00000 0.99971 0.99999 0.99991 0.99978 0.98206 0.96916 0.99074 0.99999
1.00000 0.00000 0.99245 0.99549 0.99245 0.99724 0.99942 0.91749 0.98460 0.97018 0.99045 0.99297 0.99411 0.99681 0.99784
0.99998 0.99245 0.00000 0.92825 0.97823 0.96613 0.98889 0.96684 0.98096 0.93247 0.93683 0.98512 0.97949 0.97942 0.98978
0.99999 0.99549 0.92825 0.00000 0.99555 0.98886 0.98884 0.98585 0.87769 0.96396 0.97963 0.98645 0.98818 0.98808 0.99589
0.99999 0.99245 0.97823 0.99555 0.00000 0.99988 0.98332 0.99205 0.99731 0.97896 0.99320 0.98859 0.99722 0.98435 0.97842
0.99999 0.99724 0.96613 0.98886 0.99988 0.00000 0.99747 0.96411 0.99411 0.95774 0.98565 0.98931 0.95632 0.99583 0.99977
1.00000 0.99942 0.98889 0.98884 0.98332 0.99747 0.00000 0.99885 0.99963 0.99547 0.99806 0.99701 0.99950 0.99444 0.99394
0.99971 0.91749 0.96684 0.98585 0.99205 0.96411 0.99885 0.00000 0.93560 0.88835 0.92132 0.98325 0.58582 0.98979 0.99847
0.99999 0.98460 0.98096 0.87769 0.99731 0.99411 0.99963 0.93560 0.00000 0.94005 0.97667 0.98926 0.97890 0.98565 0.99918
0.99991 0.97018 0.93247 0.96396 0.97896 0.95774 0.99547 0.88835 0.94005 0.00000 0.89695 0.96034 0.91727 0.96968 0.99497
0.99978 0.99045 0.93683 0.97963 0.99320 0.98565 0.99806 0.92132 0.97667 0.89695 0.00000 0.69928 0.94359 0.95829 0.98923
0.98206 0.99297 0.98512 0.98645 0.98859 0.98931 0.99701 0.98325 0.98926 0.96034 0.69928 0.00000 0.98506 0.98859 0.97679
0.96916 0.99411 0.97949 0.98818 0.99722 0.95632 0.99950 0.58582 0.97890 0.91727 0.94359 0.98506 0.00000 0.99131 0.99933
0.99074 0.99681 0.97942 0.98808 0.98435 0.99583 0.99444 0.98979 0.98565 0.96968 0.95829 0.98859 0.99131 0.00000 0.98215
0.99999 0.99784 0.98978 0.99589 0.97842 0.99977 0.99394 0.99847 0.99918 0.99497 0.98923 0.97679 0.99933 0.98215 0.00000
