0.0 2.0 2.0 2.0 2.0 2.0 2.0 2.0 2.0 2.0 2.0 2.0 2.0 2.0
2.0 0.0 1.98517420311 2.0 2.0 1.99258710156 1.98220904374 2.0 1.99280693234 2.0 2.0 2.0 2.0 2.0
2.0 1.98517420311 0.0 2.0 2.0 1.96875 2.0 2.0 2.0 2.0 2.0 2.0 2.0 2.0
2.0 2.0 2.0 0.0 2.0 2.0 2.0 2.0 2.0 2.0 2.0 2.0 2.0 2.0
2.0 2.0 2.0 2.0 0.0 2.0 1.99865410498 2.0 2.0 2.0 2.0 2.0 2.0 2.0
2.0 1.99258710156 1.96875 2.0 2.0 0.0 2.0 2.0 2.0 2.0 2.0 2.0 2.0 2.0
2.0 1.98220904374 2.0 2.0 1.99865410498 2.0 0.0 1.97779273217 1.99971264368 2.0 2.0 2.0 2.0 2.0
2.0 2.0 2.0 2.0 2.0 2.0 1.97779273217 0.0 1.99762931034 2.0 2.0 2.0 2.0 2.0
2.0 1.99280693234 2.0 2.0 2.0 2.0 1.99971264368 1.99762931034 0.0 2.0 2.0 1.9801980198 2.0 2.0
2.0 2.0 2.0 2.0 2.0 2.0 2.0 2.0 2.0 0.0 2.0 1.99801980198 1.99857448325 2.0
2.0 2.0 2.0 2.0 2.0 2.0 2.0 2.0 2.0 2.0 0.0 1.99141914191 2.0 2.0
2.0 2.0 2.0 2.0 2.0 2.0 2.0 2.0 1.9801980198 1.99801980198 1.99141914191 0.0 1.80066006601 2.0
2.0 2.0 2.0 2.0 2.0 2.0 2.0 2.0 2.0 1.99857448325 2.0 1.80066006601 0.0 1.98360655738
2.0 2.0 2.0 2.0 2.0 2.0 2.0 2.0 2.0 2.0 2.0 2.0 1.98360655738 0.0
