0.00000 0.99394 0.99487 0.99049 0.99095 0.99798 0.99926 0.98005 0.99128 0.99099
0.99394 0.00000 0.93501 0.97770 0.99071 0.96445 0.94606 0.96049 0.95003 0.89584
0.99487 0.93501 0.00000 0.99411 0.98819 0.98587 0.99292 0.98361 0.89588 0.93110
0.99049 0.97770 0.99411 0.00000 0.99375 0.99983 0.95472 0.99454 0.99615 0.96703
0.99095 0.99071 0.98819 0.99375 0.00000 0.99306 0.99795 0.98592 0.98652 0.98187
0.99798 0.96445 0.98587 0.99983 0.99306 0.00000 0.99540 0.98307 0.99335 0.98919
0.99926 0.94606 0.99292 0.95472 0.99795 0.99540 0.00000 0.99822 0.99919 0.99423
0.98005 0.96049 0.98361 0.99454 0.98592 0.98307 0.99822 0.00000 0.86752 0.96240
0.99128 0.95003 0.89588 0.99615 0.98652 0.99335 0.99919 0.86752 0.00000 0.93543
0.99099 0.89584 0.93110 0.96703 0.98187 0.98919 0.99423 0.96240 0.93543 0.00000
