0.0 2.0 2.0 2.0 2.0 2.0 2.0 2.0 2.0 2.0 2.0 2.0 2.0 2.0 2.0 2.0
2.0 0.0 2.0 2.0 2.0 2.0 2.0 2.0 2.0 2.0 2.0 2.0 2.0 2.0 2.0 2.0
2.0 2.0 0.0 2.0 2.0 2.0 2.0 2.0 2.0 2.0 2.0 2.0 2.0 2.0 1.91537132988 2.0
2.0 2.0 2.0 0.0 1.90426257921 1.99147727273 1.97791137831 1.94762859051 2.0 1.98040525495 1.99625918504 1.99536851481 2.0 1.99679358717 2.0 2.0
2.0 2.0 2.0 1.90426257921 0.0 1.97301136364 1.99453999454 2.0 2.0 1.83330924507 2.0 1.98034398034 1.98648648649 1.95252753618 1.99740932642 2.0
2.0 2.0 2.0 1.99147727273 1.97301136364 0.0 1.99873737374 2.0 2.0 2.0 2.0 1.99873737374 2.0 2.0 2.0 2.0
2.0 2.0 2.0 1.97791137831 1.99453999454 1.99873737374 0.0 2.0 2.0 1.95 2.0 2.0 2.0 1.98811787072 1.98186528497 2.0
2.0 2.0 2.0 1.94762859051 2.0 2.0 2.0 0.0 2.0 2.0 2.0 2.0 2.0 1.99619771863 2.0 2.0
2.0 2.0 2.0 2.0 2.0 2.0 2.0 2.0 0.0 1.94957983193 2.0 2.0 2.0 1.98384030418 1.99481865285 2.0
2.0 2.0 2.0 1.98040525495 1.83330924507 2.0 1.95 2.0 1.94957983193 0.0 2.0 2.0 2.0 1.97623574144 1.98445595855 2.0
2.0 2.0 2.0 1.99625918504 2.0 2.0 2.0 2.0 2.0 2.0 0.0 2.0 2.0 2.0 2.0 2.0
2.0 2.0 2.0 1.99536851481 1.98034398034 1.99873737374 2.0 2.0 2.0 2.0 2.0 0.0 2.0 1.9933460076 1.99481865285 2.0
2.0 2.0 2.0 2.0 1.98648648649 2.0 2.0 2.0 2.0 2.0 2.0 2.0 0.0 2.0 2.0 2.0
2.0 2.0 2.0 1.99679358717 1.95252753618 2.0 1.98811787072 1.99619771863 1.98384030418 1.97623574144 2.0 1.9933460076 2.0 0.0 1.99481865285 2.0
2.0 2.0 1.91537132988 2.0 1.99740932642 2.0 1.98186528497 2.0 1.99481865285 1.98445595855 2.0 1.99481865285 2.0 1.99481865285 0.0 2.0
2.0 2.0 2.0 2.0 2.0 2.0 2.0 2.0 2.0 2.0 2.0 2.0 2.0 2.0 2.0 0.0
