0.0 2.0 2.0 2.0 2.0 2.0 2.0 2.0 2.0 2.0 2.0 2.0 2.0 2.0
2.0 0.0 1.98517420311 2.0 2.0 1.99258710156 1.98220904374 2.0 1.99287208871 1.99918089326 2.0 2.0 2.0 2.0
2.0 1.98517420311 0.0 2.0 2.0 1.96875 2.0 2.0 2.0 2.0 2.0 2.0 2.0 2.0
2.0 2.0 2.0 0.0 2.0 2.0 2.0 2.0 2.0 2.0 2.0 2.0 2.0 2.0
2.0 2.0 2.0 2.0 0.0 2.0 1.99865410498 2.0 2.0 2.0 2.0 2.0 2.0 2.0
2.0 1.99258710156 1.96875 2.0 2.0 0.0 2.0 2.0 2.0 2.0 2.0 2.0 2.0 2.0
2.0 1.98220904374 2.0 2.0 1.99865410498 2.0 0.0 1.97779273217 1.99970930233 1.99982755648 1.93388429752 2.0 2.0 2.0
2.0 2.0 2.0 2.0 2.0 2.0 1.97779273217 0.0 1.99760174419 2.0 2.0 2.0 2.0 2.0
2.0 1.99287208871 2.0 2.0 2.0 2.0 1.99970930233 1.99760174419 0.0 1.98818761855 2.0 2.0 2.0 2.0
2.0 1.99918089326 2.0 2.0 2.0 2.0 1.99982755648 2.0 1.98818761855 0.0 1.99879289533 1.99801689947 1.99991377824 1.94641317469
2.0 2.0 2.0 2.0 2.0 2.0 1.93388429752 2.0 2.0 1.99879289533 0.0 2.0 2.0 2.0
2.0 2.0 2.0 2.0 2.0 2.0 2.0 2.0 2.0 1.99801689947 2.0 0.0 2.0 2.0
2.0 2.0 2.0 2.0 2.0 2.0 2.0 2.0 2.0 1.99991377824 2.0 2.0 0.0 2.0
2.0 2.0 2.0 2.0 2.0 2.0 2.0 2.0 2.0 1.94641317469 2.0 2.0 2.0 0.0
