0.00000 0.95796 0.98811 0.95714 0.98661 0.96646 0.95746 0.92774 0.94059 0.98845
0.95796 0.00000 0.97269 0.96922 0.94847 0.90238 0.98854 0.98797 0.96557 0.96349
0.98811 0.97269 0.00000 0.95486 0.89285 0.94317 0.99350 0.99463 0.98582 0.99930
0.95714 0.96922 0.95486 0.00000 0.84966 0.75098 0.99005 0.98119 0.97991 0.94790
0.98661 0.94847 0.89285 0.84966 0.00000 0.51260 0.99829 0.99757 0.99653 0.97240
0.96646 0.90238 0.94317 0.75098 0.51260 0.00000 0.95846 0.97663 0.96334 0.95036
0.95746 0.98854 0.99350 0.99005 0.99829 0.95846 0.00000 0.96066 0.96452 0.99721
0.92774 0.98797 0.99463 0.98119 0.99757 0.97663 0.96066 0.00000 0.94810 0.99660
0.94059 0.96557 0.98582 0.97991 0.99653 0.96334 0.96452 0.94810 0.00000 0.99642
0.98845 0.96349 0.99930 0.94790 0.97240 0.95036 0.99721 0.99660 0.99642 0.00000
