0.00000 0.98839 0.99215 0.97070 0.99102 0.99790 0.99858 0.96830 0.99360 0.99591
0.98839 0.00000 0.90772 0.94407 0.98599 0.96761 0.93133 0.92809 0.92360 0.90637
0.99215 0.90772 0.00000 0.97132 0.98465 0.98982 0.99123 0.97750 0.96470 0.97627
0.97070 0.94407 0.97132 0.00000 0.99698 0.99980 0.96617 0.99086 0.98747 0.99887
0.99102 0.98599 0.98465 0.99698 0.00000 0.99369 0.99859 0.97933 0.99025 0.99137
0.99790 0.96761 0.98982 0.99980 0.99369 0.00000 0.99811 0.97808 0.98542 0.99280
0.99858 0.93133 0.99123 0.96617 0.99859 0.99811 0.00000 0.99810 0.99851 0.99916
0.96830 0.92809 0.97750 0.99086 0.97933 0.97808 0.99810 0.00000 0.73027 0.87780
0.99360 0.92360 0.96470 0.98747 0.99025 0.98542 0.99851 0.73027 0.00000 0.96766
0.99591 0.90637 0.97627 0.99887 0.99137 0.99280 0.99916 0.87780 0.96766 0.00000
