0.00000 0.99697 0.99864 0.99905 0.99925 0.99985 0.95598 0.98234 0.98146 0.99881 0.99832 0.99416 0.99446 0.99889
0.99697 0.00000 0.94623 0.99058 0.96821 0.99358 0.97108 0.97873 0.91876 0.99709 0.99250 0.96508 0.99615 0.99732
0.99864 0.94623 0.00000 0.99939 0.99518 0.99104 0.99603 0.92674 0.97304 0.99625 0.98274 0.97124 0.99583 0.99687
0.99905 0.99058 0.99939 0.00000 0.99996 0.99712 0.99717 0.99864 0.98900 0.99758 0.99695 0.99878 0.99788 0.99818
0.99925 0.96821 0.99518 0.99996 0.00000 0.99836 0.97998 0.99768 0.97125 0.99512 0.99684 0.99180 0.99432 0.99772
0.99985 0.99358 0.99104 0.99712 0.99836 0.00000 0.99959 0.99979 0.99727 0.99715 0.97740 0.99839 0.99769 0.99479
0.95598 0.97108 0.99603 0.99717 0.97998 0.99959 0.00000 0.93828 0.87489 0.99726 0.99616 0.97010 0.99494 0.99838
0.98234 0.97873 0.92674 0.99864 0.99768 0.99979 0.93828 0.00000 0.89270 0.99721 0.98704 0.94464 0.99567 0.99794
0.98146 0.91876 0.97304 0.98900 0.97125 0.99727 0.87489 0.89270 0.00000 0.99181 0.97779 0.85542 0.98391 0.99226
0.99881 0.99709 0.99625 0.99758 0.99512 0.99715 0.99726 0.99721 0.99181 0.00000 0.99516 0.98815 0.99074 0.98703
0.99832 0.99250 0.98274 0.99695 0.99684 0.97740 0.99616 0.98704 0.97779 0.99516 0.00000 0.94990 0.99252 0.99510
0.99416 0.96508 0.97124 0.99878 0.99180 0.99839 0.97010 0.94464 0.85542 0.98815 0.94990 0.00000 0.75372 0.98064
0.99446 0.99615 0.99583 0.99788 0.99432 0.99769 0.99494 0.99567 0.98391 0.99074 0.99252 0.75372 0.00000 0.83887
0.99889 0.99732 0.99687 0.99818 0.99772 0.99479 0.99838 0.99794 0.99226 0.98703 0.99510 0.98064 0.83887 0.00000
