0.00000 0.98647 0.99511 0.99769 0.99997 0.99998 1.00000 0.99998 0.99378 0.99997 0.99998 0.99999 0.99904 0.99999 0.99731 0.99777 0.99878 0.99995 0.99993 0.99999 0.99999 0.99998 0.99496 0.99999 0.99999 0.99899
0.98647 0.00000 0.99032 0.99500 0.98924 0.98934 0.99984 0.99562 0.99762 0.98777 0.99932 0.99883 0.99743 0.99899 0.96383 0.99505 0.99904 0.99556 0.99366 0.99976 0.99857 0.99938 0.99956 0.99973 0.99777 0.99584
0.99511 0.99032 0.00000 0.91557 0.96102 0.98460 0.99359 0.95149 0.97558 0.99010 0.96763 0.97538 0.98683 0.92027 0.96137 0.96108 0.96056 0.95827 0.96202 0.98215 0.97357 0.96990 0.98967 0.91936 0.98360 0.91275
0.99769 0.99500 0.91557 0.00000 0.97988 0.99643 0.99077 0.99512 0.98746 0.99282 0.99184 0.98163 0.99499 0.99212 0.99040 0.98066 0.99358 0.98373 0.98616 0.99889 0.97198 0.99610 0.99477 0.99524 0.99235 0.96295
0.99997 0.98924 0.96102 0.97988 0.00000 0.99986 0.99995 0.99957 0.99863 0.99718 0.99414 0.99959 0.99382 0.95421 0.99178 0.98835 0.99695 0.99016 0.98480 0.99978 0.98670 0.99785 0.99790 0.99753 0.98253 0.98376
0.99998 0.98934 0.98460 0.99643 0.99986 0.00000 0.99973 0.99967 0.99965 0.98249 0.99946 0.99843 0.99780 0.99945 0.96681 0.98340 0.98112 0.97186 0.93463 0.99943 0.98901 0.99258 0.99655 0.99964 0.99964 0.99020
1.00000 0.99984 0.99359 0.99077 0.99995 0.99973 0.00000 0.98333 0.99802 0.99947 0.99925 0.99705 0.99957 0.99912 0.99710 0.99526 0.99601 0.98783 0.99236 0.99971 0.99660 0.99639 0.99744 0.99835 0.99858 0.98065
0.99998 0.99562 0.95149 0.99512 0.99957 0.99967 0.98333 0.00000 0.99585 0.99977 0.99972 0.99962 0.99459 0.99971 0.91445 0.96779 0.98379 0.83698 0.97030 0.97713 0.99005 0.98272 0.99432 0.98008 0.99878 0.95654
0.99378 0.99762 0.97558 0.98746 0.99863 0.99965 0.99802 0.99585 0.00000 0.99899 0.97341 0.99804 0.99953 0.99932 0.98253 0.98541 0.99506 0.98586 0.98767 0.99716 0.99477 0.99262 0.99767 0.99448 0.99838 0.97062
0.99997 0.98777 0.99010 0.99282 0.99718 0.98249 0.99947 0.99977 0.99899 0.00000 0.99816 0.99681 0.99735 0.99823 0.97409 0.99341 0.99832 0.99652 0.99564 0.99951 0.99809 0.99876 0.99902 0.99947 0.99795 0.99094
0.99998 0.99932 0.96763 0.99184 0.99414 0.99946 0.99925 0.99972 0.97341 0.99816 0.00000 0.99728 0.99879 0.99515 0.98958 0.99158 0.99858 0.99237 0.98459 0.99965 0.99901 0.99488 0.99904 0.99947 0.99634 0.94024
0.99999 0.99883 0.97538 0.98163 0.99959 0.99843 0.99705 0.99962 0.99804 0.99681 0.99728 0.00000 0.99515 0.99781 0.98984 0.98951 0.99425 0.99187 0.98918 0.99930 0.99494 0.98874 0.99638 0.99843 0.99514 0.96955
0.99904 0.99743 0.98683 0.99499 0.99382 0.99780 0.99957 0.99459 0.99953 0.99735 0.99879 0.99515 0.00000 0.99864 0.99429 0.99538 0.99837 0.99018 0.99579 0.99969 0.99823 0.99890 0.99813 0.99959 0.99753 0.98737
0.99999 0.99899 0.92027 0.99212 0.95421 0.99945 0.99912 0.99971 0.99932 0.99823 0.99515 0.99781 0.99864 0.00000 0.99709 0.99717 0.99839 0.99608 0.99645 0.99756 0.99876 0.99893 0.99848 0.99913 0.99600 0.98987
0.99731 0.96383 0.96137 0.99040 0.99178 0.96681 0.99710 0.91445 0.98253 0.97409 0.98958 0.98984 0.99429 0.99709 0.00000 0.85706 0.97149 0.92777 0.93197 0.96919 0.97436 0.92542 0.97078 0.92411 0.99451 0.93319
0.99777 0.99505 0.96108 0.98066 0.98835 0.98340 0.99526 0.96779 0.98541 0.99341 0.99158 0.98951 0.99538 0.99717 0.85706 0.00000 0.97228 0.94687 0.93385 0.97500 0.95984 0.93435 0.97323 0.93816 0.99574 0.92669
0.99878 0.99904 0.96056 0.99358 0.99695 0.98112 0.99601 0.98379 0.99506 0.99832 0.99858 0.99425 0.99837 0.99839 0.97149 0.97228 0.00000 0.87329 0.67625 0.88592 0.98727 0.98165 0.99318 0.97891 0.99723 0.96565
0.99995 0.99556 0.95827 0.98373 0.99016 0.97186 0.98783 0.83698 0.98586 0.99652 0.99237 0.99187 0.99018 0.99608 0.92777 0.94687 0.87329 0.00000 0.80755 0.92188 0.94305 0.96521 0.98198 0.95702 0.99376 0.94528
0.99993 0.99366 0.96202 0.98616 0.98480 0.93463 0.99236 0.97030 0.98767 0.99564 0.98459 0.98918 0.99579 0.99645 0.93197 0.93385 0.67625 0.80755 0.00000 0.96513 0.95208 0.95833 0.96868 0.94188 0.99517 0.94223
0.99999 0.99976 0.98215 0.99889 0.99978 0.99943 0.99971 0.97713 0.99716 0.99951 0.99965 0.99930 0.99969 0.99756 0.96919 0.97500 0.88592 0.92188 0.96513 0.00000 0.99437 0.98732 0.99630 0.98564 0.99765 0.97796
0.99999 0.99857 0.97357 0.97198 0.98670 0.98901 0.99660 0.99005 0.99477 0.99809 0.99901 0.99494 0.99823 0.99876 0.97436 0.95984 0.98727 0.94305 0.95208 0.99437 0.00000 0.98876 0.99415 0.98909 0.99776 0.96231
0.99998 0.99938 0.96990 0.99610 0.99785 0.99258 0.99639 0.98272 0.99262 0.99876 0.99488 0.98874 0.99890 0.99893 0.92542 0.93435 0.98165 0.96521 0.95833 0.98732 0.98876 0.00000 0.98609 0.96909 0.99714 0.94859
0.99496 0.99956 0.98967 0.99477 0.99790 0.99655 0.99744 0.99432 0.99767 0.99902 0.99904 0.99638 0.99813 0.99848 0.97078 0.97323 0.99318 0.98198 0.96868 0.99630 0.99415 0.98609 0.00000 0.98789 0.99794 0.91838
0.99999 0.99973 0.91936 0.99524 0.99753 0.99964 0.99835 0.98008 0.99448 0.99947 0.99947 0.99843 0.99959 0.99913 0.92411 0.93816 0.97891 0.95702 0.94188 0.98564 0.98909 0.96909 0.98789 0.00000 0.99795 0.92962
0.99999 0.99777 0.98360 0.99235 0.98253 0.99964 0.99858 0.99878 0.99838 0.99795 0.99634 0.99514 0.99753 0.99600 0.99451 0.99574 0.99723 0.99376 0.99517 0.99765 0.99776 0.99714 0.99794 0.99795 0.00000 0.60740
0.99899 0.99584 0.91275 0.96295 0.98376 0.99020 0.98065 0.95654 0.97062 0.99094 0.94024 0.96955 0.98737 0.98987 0.93319 0.92669 0.96565 0.94528 0.94223 0.97796 0.96231 0.94859 0.91838 0.92962 0.60740 0.00000
