0.00000 0.99474 0.99467 0.99018 0.99004 0.99844 0.99954 0.97882 0.99476 0.99849 0.99694
0.99474 0.00000 0.93624 0.98174 0.99202 0.97896 0.94512 0.93045 0.90218 0.97825 0.96397
0.99467 0.93624 0.00000 0.98702 0.98905 0.98753 0.99137 0.98522 0.97228 0.92768 0.95258
0.99018 0.98174 0.98702 0.00000 0.99403 0.99947 0.97156 0.99440 0.98921 0.98571 0.96578
0.99004 0.99202 0.98905 0.99403 0.00000 0.99472 0.99845 0.98569 0.99130 0.99712 0.98860
0.99844 0.97896 0.98753 0.99947 0.99472 0.00000 0.99654 0.98797 0.98998 0.99412 0.91691
0.99954 0.94512 0.99137 0.97156 0.99845 0.99654 0.00000 0.99839 0.99841 0.99872 0.99747
0.97882 0.93045 0.98522 0.99440 0.98569 0.98797 0.99839 0.00000 0.69504 0.99321 0.98714
0.99476 0.90218 0.97228 0.98921 0.99130 0.98998 0.99841 0.69504 0.00000 0.96664 0.98206
0.99849 0.97825 0.92768 0.98571 0.99712 0.99412 0.99872 0.99321 0.96664 0.00000 0.49308
0.99694 0.96397 0.95258 0.96578 0.98860 0.91691 0.99747 0.98714 0.98206 0.49308 0.00000
