0.00000 0.99987 0.99785 0.99689 0.99846 0.99981 0.99993 0.99997 0.99989 0.99813 0.99964 0.99857 0.99954 0.99935 0.99917 0.99852 0.99950 0.99904 0.99852 0.99992 0.99965 0.99531
0.99987 0.00000 0.99568 0.99531 0.99056 0.98763 0.99989 0.99578 0.99750 0.98733 0.99947 0.99902 0.99764 0.99924 0.97005 0.99370 0.99933 0.99496 0.99299 0.99981 0.99854 0.99624
0.99785 0.99568 0.00000 0.93448 0.97223 0.98384 0.99393 0.98538 0.98335 0.99493 0.97423 0.98149 0.99530 0.93046 0.97602 0.96355 0.95879 0.96549 0.96404 0.98412 0.98104 0.94565
0.99689 0.99531 0.93448 0.00000 0.98151 0.99636 0.98480 0.99501 0.98525 0.99332 0.98692 0.97722 0.99464 0.99075 0.99000 0.97885 0.99214 0.97982 0.98298 0.99892 0.97213 0.96229
0.99846 0.99056 0.97223 0.98151 0.00000 0.99978 0.99994 0.99956 0.99875 0.99661 0.99473 0.99921 0.99411 0.95272 0.99294 0.98736 0.99730 0.99104 0.98681 0.99977 0.98962 0.98094
0.99981 0.98763 0.98384 0.99636 0.99978 0.00000 0.99977 0.99942 0.99968 0.97986 0.99955 0.99905 0.99772 0.99958 0.97085 0.97643 0.98120 0.95560 0.90129 0.99935 0.98139 0.99821
0.99993 0.99989 0.99393 0.98480 0.99994 0.99977 0.00000 0.97710 0.99689 0.99950 0.99872 0.99256 0.99941 0.99900 0.99664 0.99289 0.99427 0.98059 0.98791 0.99974 0.99459 0.98538
0.99997 0.99578 0.98538 0.99501 0.99956 0.99942 0.97710 0.00000 0.99425 0.99976 0.99972 0.99951 0.99042 0.99980 0.92656 0.95785 0.98235 0.83791 0.96520 0.97363 0.98800 0.92934
0.99989 0.99750 0.98335 0.98525 0.99875 0.99968 0.99689 0.99425 0.00000 0.99917 0.97469 0.99713 0.99964 0.99939 0.98654 0.98154 0.99411 0.98218 0.98469 0.99609 0.99403 0.98863
0.99813 0.98733 0.99493 0.99332 0.99661 0.97986 0.99950 0.99976 0.99917 0.00000 0.99760 0.99692 0.99748 0.99827 0.97980 0.99185 0.99867 0.99658 0.99578 0.99964 0.99838 0.99168
0.99964 0.99947 0.97423 0.98692 0.99473 0.99955 0.99872 0.99972 0.97469 0.99760 0.00000 0.99721 0.99869 0.99190 0.98919 0.98952 0.99871 0.98979 0.98121 0.99971 0.99900 0.99265
0.99857 0.99902 0.98149 0.97722 0.99921 0.99905 0.99256 0.99951 0.99713 0.99692 0.99721 0.00000 0.99677 0.99869 0.99082 0.98935 0.99208 0.98905 0.98716 0.99947 0.99303 0.98837
0.99954 0.99764 0.99530 0.99464 0.99411 0.99772 0.99941 0.99042 0.99964 0.99748 0.99869 0.99677 0.00000 0.99884 0.99522 0.99633 0.99834 0.98743 0.99562 0.99975 0.99816 0.99304
0.99935 0.99924 0.93046 0.99075 0.95272 0.99958 0.99900 0.99980 0.99939 0.99827 0.99190 0.99869 0.99884 0.00000 0.99760 0.99748 0.99863 0.99552 0.99657 0.99774 0.99891 0.99239
0.99917 0.97005 0.97602 0.99000 0.99294 0.97085 0.99664 0.92656 0.98654 0.97980 0.98919 0.99082 0.99522 0.99760 0.00000 0.84870 0.97568 0.93229 0.93675 0.97510 0.97818 0.97402
0.99852 0.99370 0.96355 0.97885 0.98736 0.97643 0.99289 0.95785 0.98154 0.99185 0.98952 0.98935 0.99633 0.99748 0.84870 0.00000 0.96726 0.93058 0.91681 0.96742 0.95428 0.96136
0.99950 0.99933 0.95879 0.99214 0.99730 0.98120 0.99427 0.98235 0.99411 0.99867 0.99871 0.99208 0.99834 0.99863 0.97568 0.96726 0.00000 0.87543 0.68868 0.88763 0.98644 0.97078
0.99904 0.99496 0.96549 0.97982 0.99104 0.95560 0.98059 0.83791 0.98218 0.99658 0.98979 0.98905 0.98743 0.99552 0.93229 0.93058 0.87543 0.00000 0.79232 0.91541 0.93598 0.95176
0.99852 0.99299 0.96404 0.98298 0.98681 0.90129 0.98791 0.96520 0.98469 0.99578 0.98121 0.98716 0.99562 0.99657 0.93675 0.91681 0.68868 0.79232 0.00000 0.96032 0.94234 0.96363
0.99992 0.99981 0.98412 0.99892 0.99977 0.99935 0.99974 0.97363 0.99609 0.99964 0.99971 0.99947 0.99975 0.99774 0.97510 0.96742 0.88763 0.91541 0.96032 0.00000 0.99284 0.98486
0.99965 0.99854 0.98104 0.97213 0.98962 0.98139 0.99459 0.98800 0.99403 0.99838 0.99900 0.99303 0.99816 0.99891 0.97818 0.95428 0.98644 0.93598 0.94234 0.99284 0.00000 0.96688
0.99531 0.99624 0.94565 0.96229 0.98094 0.99821 0.98538 0.92934 0.98863 0.99168 0.99265 0.98837 0.99304 0.99239 0.97402 0.96136 0.97078 0.95176 0.96363 0.98486 0.96688 0.00000
