0.00000 0.99569 0.99776 0.99445 0.98311 0.99885 0.99972 0.97310 0.99195 0.99546 0.99788 0.99904
0.99569 0.00000 0.94378 0.98411 0.99442 0.97160 0.90853 0.97307 0.98398 0.98989 0.96390 0.98799
0.99776 0.94378 0.00000 0.99666 0.99539 0.99244 0.99386 0.99308 0.88615 0.99116 0.98985 0.99584
0.99445 0.98411 0.99666 0.00000 0.99639 0.99991 0.95691 0.99599 0.99774 0.99653 0.99260 0.99714
0.98311 0.99442 0.99539 0.99639 0.00000 0.99660 0.99902 0.98038 0.98853 0.99190 0.99722 0.99874
0.99885 0.97160 0.99244 0.99991 0.99660 0.00000 0.99735 0.98470 0.99741 0.99311 0.99745 0.98835
0.99972 0.90853 0.99386 0.95691 0.99902 0.99735 0.00000 0.99812 0.99960 0.99650 0.99476 0.99952
0.97310 0.97307 0.99308 0.99599 0.98038 0.98470 0.99812 0.00000 0.95093 0.98930 0.96765 0.97717
0.99195 0.98398 0.88615 0.99774 0.98853 0.99741 0.99960 0.95093 0.00000 0.99348 0.97414 0.98998
0.99546 0.98989 0.99116 0.99653 0.99190 0.99311 0.99650 0.98930 0.99348 0.00000 0.98030 0.96871
0.99788 0.96390 0.98985 0.99260 0.99722 0.99745 0.99476 0.96765 0.97414 0.98030 0.00000 0.97390
0.99904 0.98799 0.99584 0.99714 0.99874 0.98835 0.99952 0.97717 0.98998 0.96871 0.97390 0.00000
