0.00000 0.99559 0.93646 0.97860 0.99759 0.99450 0.98263 0.98681 0.98811 0.99355 0.95844 0.98553 0.99722 0.99793 0.94053 0.93570 0.99857 0.99797 0.99778 0.98346 0.97177 0.98530 0.99434 0.99226 0.93914 0.99633 0.99230 0.99956 0.99556 0.99875 0.99637 0.99930 0.99817 0.99849 0.98903 0.98976 0.99721 0.99918 0.99857 0.99881 0.99923 0.99512 0.99907 0.99977 0.99970 0.98932 0.99726 0.99052
0.99559 0.00000 0.99592 0.99467 0.99677 0.98142 0.99967 0.99587 0.99773 0.97864 0.99928 0.99811 0.99678 0.99922 0.95245 0.98992 0.99725 0.99962 0.99986 0.99647 0.99944 0.99808 0.99428 0.99969 0.99457 0.99633 0.99407 0.99976 0.99625 0.99946 0.99597 0.99970 0.99937 0.99948 0.99229 0.97823 0.99879 0.99984 0.99947 0.99880 0.99919 0.99516 0.99978 0.99942 0.99984 0.99030 0.99623 0.99562
0.93646 0.99592 0.00000 0.90799 0.98976 0.96782 0.98622 0.96383 0.96798 0.99067 0.96284 0.97304 0.99500 0.93676 0.92518 0.91540 0.99705 0.99799 0.98267 0.96741 0.97632 0.94620 0.94632 0.95581 0.90917 0.99286 0.98979 0.99920 0.99447 0.99647 0.99371 0.99853 0.99787 0.99828 0.98773 0.98571 0.99535 0.99885 0.99851 0.99814 0.99855 0.98988 0.99885 0.99896 0.99925 0.98761 0.99568 0.98601
0.97860 0.99467 0.90799 0.00000 0.99108 0.99340 0.95934 0.99296 0.97077 0.98796 0.99203 0.95716 0.99522 0.99426 0.97516 0.96007 0.99553 0.99668 0.99177 0.96835 0.93478 0.97018 0.92934 0.97898 0.94220 0.99087 0.97984 0.99862 0.99339 0.99651 0.99254 0.99829 0.99723 0.99798 0.98534 0.98075 0.99554 0.99692 0.99730 0.99748 0.99876 0.99033 0.99856 0.99826 0.99796 0.98162 0.99374 0.98337
0.99759 0.99677 0.98976 0.99108 0.00000 0.99989 0.99991 0.99976 0.99945 0.99748 0.99827 0.99918 0.99725 0.98556 0.99423 0.99446 0.98808 0.99886 0.99814 0.99628 0.99530 0.99874 0.99639 0.99963 0.99699 0.96849 0.98548 0.99799 0.99218 0.98936 0.97713 0.99493 0.99838 0.99501 0.98454 0.97045 0.99195 0.99994 0.99655 0.99382 0.99671 0.99032 0.99727 0.99467 0.99824 0.97775 0.98551 0.97818
0.99450 0.98142 0.96782 0.99340 0.99989 0.00000 0.99944 0.99930 0.99918 0.96868 0.99895 0.99719 0.99591 0.99893 0.93516 0.94619 0.99935 0.99937 0.99925 0.90130 0.99824 0.99681 0.99948 0.99971 0.99309 0.99913 0.99528 0.99978 0.99665 0.99963 0.99800 0.99997 0.99916 0.99952 0.99236 0.99393 0.99865 0.99974 0.99942 0.99916 0.99976 0.99665 0.99994 0.99999 0.99994 0.99264 0.99777 0.99491
0.98263 0.99967 0.98622 0.95934 0.99991 0.99944 0.00000 0.98661 0.99086 0.99918 0.99913 0.97771 0.99938 0.99932 0.98928 0.98093 0.99936 0.99892 0.99724 0.98475 0.93362 0.98817 0.99535 0.98861 0.98032 0.99923 0.99711 0.99990 0.99823 0.99964 0.99841 0.99982 0.99954 0.99976 0.99559 0.99496 0.99914 0.99947 0.99971 0.99958 0.99981 0.99829 0.99989 0.99999 0.99994 0.99567 0.99890 0.99645
0.98681 0.99587 0.96383 0.99296 0.99976 0.99930 0.98661 0.00000 0.98498 0.99940 0.99936 0.99881 0.99415 0.99968 0.79687 0.88242 0.99839 0.99990 0.99975 0.98822 0.99827 0.96869 0.99327 0.99420 0.89935 0.99939 0.98422 0.99981 0.99701 0.99918 0.99886 0.99986 0.99987 0.99995 0.99350 0.92449 0.99864 0.99996 0.99973 0.99973 0.99985 0.97179 0.99975 0.99997 0.99972 0.99007 0.99716 0.99315
0.98811 0.99773 0.96798 0.97077 0.99945 0.99918 0.99086 0.98498 0.00000 0.99777 0.96217 0.99071 0.99914 0.99912 0.94710 0.94153 0.99929 0.99953 0.99924 0.98962 0.98215 0.98645 0.98620 0.99345 0.96564 0.99836 0.99593 0.99982 0.99741 0.99961 0.99744 0.99724 0.99937 0.99964 0.99434 0.99253 0.99893 0.99984 0.99957 0.99931 0.99979 0.99757 0.99991 0.99996 0.99990 0.99431 0.99830 0.99634
0.99355 0.97864 0.99067 0.98796 0.99748 0.96868 0.99918 0.99940 0.99777 0.00000 0.99613 0.99656 0.99528 0.99826 0.95995 0.98544 0.99828 0.99909 0.99931 0.99354 0.99862 0.99600 0.99319 0.99919 0.99077 0.99328 0.99254 0.99934 0.99481 0.99849 0.99680 0.99979 0.99856 0.99916 0.98793 0.98808 0.99762 0.99252 0.99849 0.99832 0.99940 0.99401 0.99933 0.99998 0.99861 0.98857 0.99557 0.99103
0.95844 0.99928 0.96284 0.99203 0.99827 0.99895 0.99913 0.99936 0.96217 0.99613 0.00000 0.99593 0.99833 0.99758 0.97781 0.97977 0.99914 0.99922 0.99701 0.99275 0.97467 0.99712 0.99846 0.99927 0.99231 0.99397 0.99329 0.99974 0.99572 0.99930 0.99579 0.99804 0.99851 0.99884 0.99141 0.99013 0.99796 0.99868 0.99926 0.99899 0.99916 0.99644 0.99970 0.99986 0.99962 0.99069 0.99748 0.99378
0.98553 0.99811 0.97304 0.95716 0.99918 0.99719 0.97771 0.99881 0.99071 0.99656 0.99593 0.00000 0.99511 0.99684 0.98129 0.97878 0.99653 0.99604 0.74756 0.87077 0.94469 0.97240 0.97350 0.98790 0.97279 0.99287 0.98774 0.99921 0.99346 0.99615 0.99553 0.99961 0.99825 0.99872 0.97503 0.98328 0.99491 0.99877 0.99705 0.99592 0.99896 0.99148 0.99885 0.99983 0.99866 0.97975 0.99206 0.98614
0.99722 0.99678 0.99500 0.99522 0.99725 0.99591 0.99938 0.99415 0.99914 0.99528 0.99833 0.99511 0.00000 0.99865 0.99143 0.99507 0.99840 0.99859 0.99820 0.98815 0.99771 0.99266 0.99603 0.99880 0.99023 0.99417 0.99362 0.99951 0.99480 0.99744 0.99516 0.99906 0.98951 0.99897 0.98949 0.98349 0.99633 0.99687 0.99845 0.99867 0.99965 0.99345 0.99949 0.99880 0.99930 0.98959 0.99638 0.98859
0.99793 0.99922 0.93676 0.99426 0.98556 0.99893 0.99932 0.99968 0.99912 0.99826 0.99758 0.99684 0.99865 0.00000 0.99626 0.99671 0.99788 0.99718 0.98910 0.99527 0.99823 0.99735 0.99745 0.99930 0.99381 0.99321 0.99256 0.99940 0.99282 0.99771 0.99432 0.99841 0.99790 0.99868 0.98785 0.98550 0.99686 0.99459 0.99867 0.99754 0.99887 0.99262 0.99875 0.99951 0.99929 0.98874 0.99492 0.99022
0.94053 0.95245 0.92518 0.97516 0.99423 0.93516 0.98928 0.79687 0.94710 0.95995 0.97781 0.98129 0.99143 0.99626 0.00000 0.63982 0.99693 0.99693 0.99602 0.95438 0.98049 0.95470 0.98377 0.98544 0.86004 0.99161 0.98547 0.99863 0.99199 0.99767 0.99467 0.99552 0.99759 0.99817 0.98266 0.97267 0.99599 0.99851 0.99783 0.99685 0.99459 0.98853 0.99920 0.99925 0.99926 0.98343 0.99475 0.98818
0.93570 0.98992 0.91540 0.96007 0.99446 0.94619 0.98093 0.88242 0.94153 0.98544 0.97977 0.97878 0.99507 0.99671 0.63982 0.00000 0.99737 0.99693 0.99499 0.94800 0.96593 0.95072 0.98196 0.98230 0.85488 0.99572 0.98814 0.99877 0.99275 0.99794 0.99583 0.99790 0.99835 0.99862 0.98602 0.98158 0.99651 0.99931 0.99818 0.99742 0.99701 0.99188 0.99930 0.99941 0.99937 0.98638 0.99537 0.98904
0.99857 0.99725 0.99705 0.99553 0.98808 0.99935 0.99936 0.99839 0.99929 0.99828 0.99914 0.99653 0.99840 0.99788 0.99693 0.99737 0.00000 0.99730 0.99666 0.99408 0.99363 0.99563 0.99058 0.99821 0.99136 0.98172 0.98890 0.99900 0.99232 0.99553 0.99331 0.99851 0.99809 0.99862 0.97514 0.96828 0.99647 0.99833 0.99748 0.97105 0.99912 0.98747 0.99428 0.99741 0.99677 0.92603 0.99282 0.97535
0.99797 0.99962 0.99799 0.99668 0.99886 0.99937 0.99892 0.99990 0.99953 0.99909 0.99922 0.99604 0.99859 0.99718 0.99693 0.99693 0.99730 0.00000 0.93777 0.96185 0.98117 0.99735 0.99432 0.99954 0.99238 0.99206 0.99182 0.99971 0.99445 0.99684 0.99180 0.99923 0.99888 0.99926 0.98396 0.98745 0.99637 0.99791 0.99870 0.99842 0.99904 0.99600 0.99606 0.99984 0.99957 0.98685 0.99677 0.98768
0.99778 0.99986 0.98267 0.99177 0.99814 0.99925 0.99724 0.99975 0.99924 0.99931 0.99701 0.74756 0.99820 0.98910 0.99602 0.99499 0.99666 0.93777 0.00000 0.81598 0.97811 0.99586 0.99449 0.99922 0.99320 0.99421 0.99082 0.99819 0.99531 0.99418 0.99092 0.99412 0.99801 0.99914 0.98328 0.98451 0.99497 0.97907 0.99832 0.99872 0.99664 0.99282 0.99762 0.99889 0.99918 0.98560 0.99685 0.98934
0.98346 0.99647 0.96741 0.96835 0.99628 0.90130 0.98475 0.98822 0.98962 0.99354 0.99275 0.87077 0.98815 0.99527 0.95438 0.94800 0.99408 0.96185 0.81598 0.00000 0.66840 0.88359 0.94877 0.96129 0.93954 0.98705 0.97810 0.99831 0.98829 0.98999 0.98964 0.99555 0.99615 0.99746 0.96984 0.97187 0.98948 0.99739 0.99604 0.99585 0.99771 0.98806 0.99451 0.99904 0.99775 0.96899 0.98989 0.97744
0.97177 0.99944 0.97632 0.93478 0.99530 0.99824 0.93362 0.99827 0.98215 0.99862 0.97467 0.94469 0.99771 0.99823 0.98049 0.96593 0.99363 0.98117 0.97811 0.66840 0.00000 0.96614 0.98121 0.97455 0.96765 0.98526 0.98567 0.99958 0.99282 0.99698 0.99098 0.99954 0.99884 0.99926 0.98393 0.98162 0.99684 0.99964 0.99859 0.99820 0.99944 0.99526 0.99715 0.99966 0.99899 0.98276 0.99501 0.98565
0.98530 0.99808 0.94620 0.97018 0.99874 0.99681 0.98817 0.96869 0.98645 0.99600 0.99712 0.97240 0.99266 0.99735 0.95470 0.95072 0.99563 0.99735 0.99586 0.88359 0.96614 0.00000 0.27097 0.08589 0.63695 0.99101 0.98567 0.99934 0.99326 0.99515 0.99505 0.99970 0.99829 0.99857 0.98045 0.98363 0.99341 0.99878 0.99746 0.99696 0.99928 0.99118 0.99899 0.99990 0.99847 0.98140 0.99495 0.98723
0.99434 0.99428 0.94632 0.92934 0.99639 0.99948 0.99535 0.99327 0.98620 0.99319 0.99846 0.97350 0.99603 0.99745 0.98377 0.98196 0.99058 0.99432 0.99449 0.94877 0.98121 0.27097 0.00000 0.33640 0.73802 0.96453 0.98743 0.99942 0.99447 0.99658 0.99151 0.99900 0.99858 0.99895 0.98494 0.98372 0.99624 0.99348 0.99821 0.99857 0.99933 0.99464 0.99509 0.99959 0.99791 0.98505 0.99367 0.98819
0.99226 0.99969 0.95581 0.97898 0.99963 0.99971 0.98861 0.99420 0.99345 0.99919 0.99927 0.98790 0.99880 0.99930 0.98544 0.98230 0.99821 0.99954 0.99922 0.96129 0.97455 0.08589 0.33640 0.00000 0.69669 0.99543 0.99467 0.99991 0.99768 0.99875 0.99832 0.99976 0.99961 0.99981 0.99265 0.99387 0.99820 0.99921 0.99947 0.99931 0.99985 0.99727 0.99965 0.99999 0.99873 0.99303 0.99843 0.99541
0.93914 0.99457 0.90917 0.94220 0.99699 0.99309 0.98032 0.89935 0.96564 0.99077 0.99231 0.97279 0.99023 0.99381 0.86004 0.85488 0.99136 0.99238 0.99320 0.93954 0.96765 0.63695 0.73802 0.69669 0.00000 0.98948 0.91140 0.99378 0.97911 0.98831 0.98462 0.99749 0.99517 0.99600 0.96590 0.95267 0.98525 0.99586 0.99389 0.99300 0.99463 0.97383 0.99624 0.99911 0.99106 0.95708 0.98458 0.97497
0.99633 0.99633 0.99286 0.99087 0.96849 0.99913 0.99923 0.99939 0.99836 0.99328 0.99397 0.99287 0.99417 0.99321 0.99161 0.99572 0.98172 0.99206 0.99421 0.98705 0.98526 0.99101 0.96453 0.99543 0.98948 0.00000 0.96800 0.99336 0.98013 0.98126 0.97361 0.99234 0.98500 0.98261 0.95754 0.94278 0.98503 0.99594 0.98801 0.99205 0.98971 0.97966 0.97736 0.99542 0.98487 0.96123 0.97380 0.95332
0.99230 0.99407 0.98979 0.97984 0.98548 0.99528 0.99711 0.98422 0.99593 0.99254 0.99329 0.98774 0.99362 0.99256 0.98547 0.98814 0.98890 0.99182 0.99082 0.97810 0.98567 0.98567 0.98743 0.99467 0.91140 0.96800 0.00000 0.83113 0.86318 0.65895 0.69360 0.93001 0.98013 0.99210 0.74253 0.40249 0.67368 0.99352 0.88384 0.93522 0.90567 0.64541 0.87870 0.98806 0.62228 0.65126 0.70056 0.86484
0.99956 0.99976 0.99920 0.99862 0.99799 0.99978 0.99990 0.99981 0.99982 0.99934 0.99974 0.99921 0.99951 0.99940 0.99863 0.99877 0.99900 0.99971 0.99819 0.99831 0.99958 0.99934 0.99942 0.99991 0.99378 0.99336 0.83113 0.00000 0.85663 0.98351 0.97114 0.99735 0.99859 0.99920 0.95771 0.89545 0.94772 0.99979 0.98313 0.99180 0.98697 0.78227 0.99253 0.99970 0.97114 0.93570 0.94225 0.98848
0.99556 0.99625 0.99447 0.99339 0.99218 0.99665 0.99823 0.99701 0.99741 0.99481 0.99572 0.99346 0.99480 0.99282 0.99199 0.99275 0.99232 0.99445 0.99531 0.98829 0.99282 0.99326 0.99447 0.99768 0.97911 0.98013 0.86318 0.85663 0.00000 0.93018 0.92624 0.99392 0.99079 0.99572 0.93316 0.85460 0.81633 0.99709 0.96285 0.86206 0.99259 0.91457 0.97305 0.99662 0.95527 0.92732 0.86351 0.94006
0.99875 0.99946 0.99647 0.99651 0.98936 0.99963 0.99964 0.99918 0.99961 0.99849 0.99930 0.99615 0.99744 0.99771 0.99767 0.99794 0.99553 0.99684 0.99418 0.98999 0.99698 0.99515 0.99658 0.99875 0.98831 0.98126 0.65895 0.98351 0.93018 0.00000 0.80367 0.98280 0.99441 0.99703 0.88800 0.74317 0.66501 0.99887 0.95999 0.97742 0.98340 0.94115 0.90463 0.99811 0.89860 0.88942 0.67701 0.93257
0.99637 0.99597 0.99371 0.99254 0.97713 0.99800 0.99841 0.99886 0.99744 0.99680 0.99579 0.99553 0.99516 0.99432 0.99467 0.99583 0.99331 0.99180 0.99092 0.98964 0.99098 0.99505 0.99151 0.99832 0.98462 0.97361 0.69360 0.97114 0.92624 0.80367 0.00000 0.99272 0.95822 0.97418 0.79306 0.64838 0.85512 0.97322 0.92804 0.95325 0.96260 0.89337 0.86599 0.99425 0.94212 0.52609 0.89609 0.86441
0.99930 0.99970 0.99853 0.99829 0.99493 0.99997 0.99982 0.99986 0.99724 0.99979 0.99804 0.99961 0.99906 0.99841 0.99552 0.99790 0.99851 0.99923 0.99412 0.99555 0.99954 0.99970 0.99900 0.99976 0.99749 0.99234 0.93001 0.99735 0.99392 0.98280 0.99272 0.00000 0.99779 0.99721 0.97475 0.88884 0.98320 0.99784 0.99797 0.99822 0.99825 0.99307 0.99425 0.99880 0.97095 0.97182 0.98388 0.99456
0.99817 0.99937 0.99787 0.99723 0.99838 0.99916 0.99954 0.99987 0.99937 0.99856 0.99851 0.99825 0.98951 0.99790 0.99759 0.99835 0.99809 0.99888 0.99801 0.99615 0.99884 0.99829 0.99858 0.99961 0.99517 0.98500 0.98013 0.99859 0.99079 0.99441 0.95822 0.99779 0.00000 0.80719 0.98228 0.97455 0.99238 0.99909 0.99843 0.99700 0.99798 0.98471 0.99677 0.99986 0.99758 0.97130 0.96650 0.97518
0.99849 0.99948 0.99828 0.99798 0.99501 0.99952 0.99976 0.99995 0.99964 0.99916 0.99884 0.99872 0.99897 0.99868 0.99817 0.99862 0.99862 0.99926 0.99914 0.99746 0.99926 0.99857 0.99895 0.99981 0.99600 0.98261 0.99210 0.99920 0.99572 0.99703 0.97418 0.99721 0.80719 0.00000 0.99022 0.98417 0.99695 0.99965 0.99899 0.99845 0.99936 0.98781 0.99838 0.99971 0.99830 0.98305 0.89126 0.98777
0.98903 0.99229 0.98773 0.98534 0.98454 0.99236 0.99559 0.99350 0.99434 0.98793 0.99141 0.97503 0.98949 0.98785 0.98266 0.98602 0.97514 0.98396 0.98328 0.96984 0.98393 0.98045 0.98494 0.99265 0.96590 0.95754 0.74253 0.95771 0.93316 0.88800 0.79306 0.97475 0.98228 0.99022 0.00000 0.62465 0.91532 0.98189 0.91351 0.96552 0.93533 0.83759 0.73573 0.68057 0.91371 0.73012 0.90613 0.74655
0.98976 0.97823 0.98571 0.98075 0.97045 0.99393 0.99496 0.92449 0.99253 0.98808 0.99013 0.98328 0.98349 0.98550 0.97267 0.98158 0.96828 0.98745 0.98451 0.97187 0.98162 0.98363 0.98372 0.99387 0.95267 0.94278 0.40249 0.89545 0.85460 0.74317 0.64838 0.88884 0.97455 0.98417 0.62465 0.00000 0.78780 0.98974 0.78312 0.91227 0.89707 0.72985 0.75526 0.93825 0.73596 0.61238 0.74859 0.80008
0.99721 0.99879 0.99535 0.99554 0.99195 0.99865 0.99914 0.99864 0.99893 0.99762 0.99796 0.99491 0.99633 0.99686 0.99599 0.99651 0.99647 0.99637 0.99497 0.98948 0.99684 0.99341 0.99624 0.99820 0.98525 0.98503 0.67368 0.94772 0.81633 0.66501 0.85512 0.98320 0.99238 0.99695 0.91532 0.78780 0.00000 0.99791 0.95291 0.98128 0.97939 0.84482 0.96936 0.99744 0.92478 0.88985 0.75425 0.94513
0.99918 0.99984 0.99885 0.99692 0.99994 0.99974 0.99947 0.99996 0.99984 0.99252 0.99868 0.99877 0.99687 0.99459 0.99851 0.99931 0.99833 0.99791 0.97907 0.99739 0.99964 0.99878 0.99348 0.99921 0.99586 0.99594 0.99352 0.99979 0.99709 0.99887 0.97322 0.99784 0.99909 0.99965 0.98189 0.98974 0.99791 0.00000 0.99607 0.99951 0.99911 0.99732 0.99868 0.99999 0.99844 0.99151 0.99752 0.98836
0.99857 0.99947 0.99851 0.99730 0.99655 0.99942 0.99971 0.99973 0.99957 0.99849 0.99926 0.99705 0.99845 0.99867 0.99783 0.99818 0.99748 0.99870 0.99832 0.99604 0.99859 0.99746 0.99821 0.99947 0.99389 0.98801 0.88384 0.98313 0.96285 0.95999 0.92804 0.99797 0.99843 0.99899 0.91351 0.78312 0.95291 0.99607 0.00000 0.99160 0.99082 0.94505 0.97762 0.99944 0.97634 0.92988 0.94704 0.96780
0.99881 0.99880 0.99814 0.99748 0.99382 0.99916 0.99958 0.99973 0.99931 0.99832 0.99899 0.99592 0.99867 0.99754 0.99685 0.99742 0.97105 0.99842 0.99872 0.99585 0.99820 0.99696 0.99857 0.99931 0.99300 0.99205 0.93522 0.99180 0.86206 0.97742 0.95325 0.99822 0.99700 0.99845 0.96552 0.91227 0.98128 0.99951 0.99160 0.00000 0.99791 0.97270 0.98466 0.99822 0.99568 0.96439 0.97736 0.93405
0.99923 0.99919 0.99855 0.99876 0.99671 0.99976 0.99981 0.99985 0.99979 0.99940 0.99916 0.99896 0.99965 0.99887 0.99459 0.99701 0.99912 0.99904 0.99664 0.99771 0.99944 0.99928 0.99933 0.99985 0.99463 0.98971 0.90567 0.98697 0.99259 0.98340 0.96260 0.99825 0.99798 0.99936 0.93533 0.89707 0.97939 0.99911 0.99082 0.99791 0.00000 0.88926 0.99254 0.99985 0.98862 0.93218 0.99126 0.96720
0.99512 0.99516 0.98988 0.99033 0.99032 0.99665 0.99829 0.97179 0.99757 0.99401 0.99644 0.99148 0.99345 0.99262 0.98853 0.99188 0.98747 0.99600 0.99282 0.98806 0.99526 0.99118 0.99464 0.99727 0.97383 0.97966 0.64541 0.78227 0.91457 0.94115 0.89337 0.99307 0.98471 0.98781 0.83759 0.72985 0.84482 0.99732 0.94505 0.97270 0.88926 0.00000 0.97403 0.99690 0.95180 0.78431 0.88255 0.93098
0.99907 0.99978 0.99885 0.99856 0.99727 0.99994 0.99989 0.99975 0.99991 0.99933 0.99970 0.99885 0.99949 0.99875 0.99920 0.99930 0.99428 0.99606 0.99762 0.99451 0.99715 0.99899 0.99509 0.99965 0.99624 0.97736 0.87870 0.99253 0.97305 0.90463 0.86599 0.99425 0.99677 0.99838 0.73573 0.75526 0.96936 0.99868 0.97762 0.98466 0.99254 0.97403 0.00000 0.97683 0.92806 0.90253 0.95359 0.91037
0.99977 0.99942 0.99896 0.99826 0.99467 0.99999 0.99999 0.99997 0.99996 0.99998 0.99986 0.99983 0.99880 0.99951 0.99925 0.99941 0.99741 0.99984 0.99889 0.99904 0.99966 0.99990 0.99959 0.99999 0.99911 0.99542 0.98806 0.99970 0.99662 0.99811 0.99425 0.99880 0.99986 0.99971 0.68057 0.93825 0.99744 0.99999 0.99944 0.99822 0.99985 0.99690 0.97683 0.00000 0.98423 0.88337 0.99334 0.99445
0.99970 0.99984 0.99925 0.99796 0.99824 0.99994 0.99994 0.99972 0.99990 0.99861 0.99962 0.99866 0.99930 0.99929 0.99926 0.99937 0.99677 0.99957 0.99918 0.99775 0.99899 0.99847 0.99791 0.99873 0.99106 0.98487 0.62228 0.97114 0.95527 0.89860 0.94212 0.97095 0.99758 0.99830 0.91371 0.73596 0.92478 0.99844 0.97634 0.99568 0.98862 0.95180 0.92806 0.98423 0.00000 0.88331 0.68333 0.95607
0.98932 0.99030 0.98761 0.98162 0.97775 0.99264 0.99567 0.99007 0.99431 0.98857 0.99069 0.97975 0.98959 0.98874 0.98343 0.98638 0.92603 0.98685 0.98560 0.96899 0.98276 0.98140 0.98505 0.99303 0.95708 0.96123 0.65126 0.93570 0.92732 0.88942 0.52609 0.97182 0.97130 0.98305 0.73012 0.61238 0.88985 0.99151 0.92988 0.96439 0.93218 0.78431 0.90253 0.88337 0.88331 0.00000 0.89419 0.85463
0.99726 0.99623 0.99568 0.99374 0.98551 0.99777 0.99890 0.99716 0.99830 0.99557 0.99748 0.99206 0.99638 0.99492 0.99475 0.99537 0.99282 0.99677 0.99685 0.98989 0.99501 0.99495 0.99367 0.99843 0.98458 0.97380 0.70056 0.94225 0.86351 0.67701 0.89609 0.98388 0.96650 0.89126 0.90613 0.74859 0.75425 0.99752 0.94704 0.97736 0.99126 0.88255 0.95359 0.99334 0.68333 0.89419 0.00000 0.93937
0.99052 0.99562 0.98601 0.98337 0.97818 0.99491 0.99645 0.99315 0.99634 0.99103 0.99378 0.98614 0.98859 0.99022 0.98818 0.98904 0.97535 0.98768 0.98934 0.97744 0.98565 0.98723 0.98819 0.99541 0.97497 0.95332 0.86484 0.98848 0.94006 0.93257 0.86441 0.99456 0.97518 0.98777 0.74655 0.80008 0.94513 0.98836 0.96780 0.93405 0.96720 0.93098 0.91037 0.99445 0.95607 0.85463 0.93937 0.00000
