0.00000 1.00000 1.00000 1.00000 1.00000 1.00000 1.00000 1.00000 1.00000 1.00000 1.00000 1.00000
1.00000 0.00000 0.98423 0.99063 0.98760 0.97655 0.99443 0.99936 0.96710 0.98591 0.98998 0.99578
1.00000 0.98423 0.00000 0.90911 0.96069 0.97747 0.94953 0.88660 0.94512 0.95953 0.94216 0.84060
1.00000 0.99063 0.90911 0.00000 0.99125 0.98161 0.97022 0.99041 0.97970 0.87240 0.97080 0.91596
1.00000 0.98760 0.96069 0.99125 0.00000 0.98837 0.99962 0.95173 0.99104 0.99297 0.98782 0.96042
1.00000 0.97655 0.97747 0.98161 0.98837 0.00000 0.98433 0.99765 0.96657 0.97569 0.98155 0.99921
1.00000 0.99443 0.94953 0.97022 0.99962 0.98433 0.00000 0.99098 0.97278 0.98770 0.95513 0.99917
1.00000 0.99936 0.88660 0.99041 0.95173 0.99765 0.99098 0.00000 0.99704 0.99897 0.98897 0.99743
1.00000 0.96710 0.94512 0.97970 0.99104 0.96657 0.97278 0.99704 0.00000 0.92780 0.95534 0.99267
1.00000 0.98591 0.95953 0.87240 0.99297 0.97569 0.98770 0.99897 0.92780 0.00000 0.97103 0.95132
1.00000 0.98998 0.94216 0.97080 0.98782 0.98155 0.95513 0.98897 0.95534 0.97103 0.00000 0.96126
1.00000 0.99578 0.84060 0.91596 0.96042 0.99921 0.99917 0.99743 0.99267 0.95132 0.96126 0.00000
