0.00000 0.99411 0.99491 0.99050 0.99103 0.99798 0.99935 0.98018 0.99457 0.99659
0.99411 0.00000 0.93523 0.97839 0.99101 0.96396 0.94691 0.96352 0.97676 0.97061
0.99491 0.93523 0.00000 0.99427 0.98858 0.98594 0.99301 0.98524 0.88568 0.96962
0.99050 0.97839 0.99427 0.00000 0.99382 0.99984 0.95471 0.99470 0.99609 0.99416
0.99103 0.99101 0.98858 0.99382 0.00000 0.99238 0.99835 0.98608 0.99097 0.98995
0.99798 0.96396 0.98594 0.99984 0.99238 0.00000 0.99541 0.98133 0.99553 0.99419
0.99935 0.94691 0.99301 0.95471 0.99835 0.99541 0.00000 0.99823 0.99934 0.99526
0.98018 0.96352 0.98524 0.99470 0.98608 0.98133 0.99823 0.00000 0.94455 0.98552
0.99457 0.97676 0.88568 0.99609 0.99097 0.99553 0.99934 0.94455 0.00000 0.96681
0.99659 0.97061 0.96962 0.99416 0.98995 0.99419 0.99526 0.98552 0.96681 0.00000
