0.00000 0.91340 0.95699 0.97974 0.98666 0.98813 0.97153 0.94751 0.96969 0.99240 0.99721 0.99357
0.91340 0.00000 0.99758 0.98904 0.99819 0.88386 0.99268 0.98702 0.99592 0.99906 0.99924 0.99917
0.95699 0.99758 0.00000 0.99894 0.96367 0.99894 0.99709 0.99656 0.99596 0.99905 0.99835 0.99893
0.97974 0.98904 0.99894 0.00000 0.99750 0.99942 0.99911 0.99837 0.99788 0.99052 0.99873 0.99480
0.98666 0.99819 0.96367 0.99750 0.00000 0.99672 0.99538 0.99513 0.99681 0.99897 0.99976 0.99937
0.98813 0.88386 0.99894 0.99942 0.99672 0.00000 0.98430 0.98587 0.99218 0.99898 0.99907 0.99906
0.97153 0.99268 0.99709 0.99911 0.99538 0.98430 0.00000 0.94832 0.98541 0.99604 0.99785 0.99337
0.94751 0.98702 0.99656 0.99837 0.99513 0.98587 0.94832 0.00000 0.85821 0.95457 0.98285 0.97503
0.96969 0.99592 0.99596 0.99788 0.99681 0.99218 0.98541 0.85821 0.00000 0.99866 0.99983 0.99889
0.99240 0.99906 0.99905 0.99052 0.99897 0.99898 0.99604 0.95457 0.99866 0.00000 0.92317 0.06843
0.99721 0.99924 0.99835 0.99873 0.99976 0.99907 0.99785 0.98285 0.99983 0.92317 0.00000 0.93788
0.99357 0.99917 0.99893 0.99480 0.99937 0.99906 0.99337 0.97503 0.99889 0.06843 0.93788 0.00000
