0.00000 0.99967 1.00000 0.99870 0.99892 0.99887 0.99273 0.99999 0.99746 0.97484 0.99740 0.98926 0.95146
0.99967 0.00000 0.99992 0.99993 0.95810 0.96231 0.98120 0.99996 0.78753 0.74369 0.96464 0.99155 0.96058
1.00000 0.99992 0.00000 1.00000 0.99098 0.99193 0.99982 1.00000 1.00012 0.99528 0.98579 0.99996 0.99986
0.99870 0.99993 1.00000 0.00000 0.99832 0.99663 0.99936 0.99988 1.00009 0.99116 0.99587 0.99886 0.99755
0.99892 0.95810 0.99098 0.99832 0.00000 0.92763 0.98492 0.99969 1.01424 0.95825 0.95311 0.98939 0.97438
0.99887 0.96231 0.99193 0.99663 0.92763 0.00000 0.97341 0.99948 0.51721 0.94470 0.93041 0.95410 0.89433
0.99273 0.98120 0.99982 0.99936 0.98492 0.97341 0.00000 0.99899 1.43342 0.86503 0.60355 0.98303 0.91004
0.99999 0.99996 1.00000 0.99988 0.99969 0.99948 0.99899 0.00000 0.33481 0.99784 0.99682 0.99956 0.99976
0.99746 0.78753 1.00012 1.00009 1.01424 0.51721 1.43342 0.33481 0.00000 0.87594 0.93011 1.12450 1.00455
0.97484 0.74369 0.99528 0.99116 0.95825 0.94470 0.86503 0.99784 0.87594 0.00000 0.79985 0.96149 0.93792
0.99740 0.96464 0.98579 0.99587 0.95311 0.93041 0.60355 0.99682 0.93011 0.79985 0.00000 0.95139 0.94318
0.98926 0.99155 0.99996 0.99886 0.98939 0.95410 0.98303 0.99956 1.12450 0.96149 0.95139 0.00000 0.96436
0.95146 0.96058 0.99986 0.99755 0.97438 0.89433 0.91004 0.99976 1.00455 0.93792 0.94318 0.96436 0.00000
