0.00000 0.99544 0.99525 0.98931 0.98995 0.99988 0.99589 0.99721 0.98848 0.99940 0.99907 0.99762 0.99913 0.97079 0.99391 0.99933 0.99495 0.99306 0.99980 0.99852 0.99722
0.99544 0.00000 0.93655 0.96876 0.99039 0.99460 0.98658 0.98519 0.99519 0.97592 0.98672 0.99526 0.93065 0.97794 0.96610 0.96547 0.96851 0.96816 0.98508 0.98263 0.93667
0.99525 0.93655 0.00000 0.97981 0.99677 0.98675 0.99537 0.98601 0.99343 0.98885 0.98155 0.99473 0.99178 0.99052 0.97638 0.99313 0.98166 0.98453 0.99895 0.97091 0.97390
0.98931 0.96876 0.97981 0.00000 0.99986 0.99994 0.99959 0.99860 0.99626 0.99406 0.99953 0.99332 0.95305 0.99201 0.98645 0.99729 0.99027 0.98519 0.99977 0.98844 0.98666
0.98995 0.99039 0.99677 0.99986 0.00000 0.99980 0.99968 0.99972 0.98359 0.99958 0.99881 0.99804 0.99961 0.97506 0.98202 0.98762 0.96831 0.92954 0.99953 0.98798 0.99595
0.99988 0.99460 0.98675 0.99994 0.99980 0.00000 0.97682 0.99725 0.99954 0.99917 0.99619 0.99951 0.99921 0.99696 0.99364 0.99503 0.98250 0.98911 0.99974 0.99521 0.98993
0.99589 0.98658 0.99537 0.99959 0.99968 0.97682 0.00000 0.99474 0.99980 0.99976 0.99965 0.99058 0.99982 0.93034 0.96179 0.98415 0.84336 0.96780 0.97531 0.98894 0.96576
0.99721 0.98519 0.98601 0.99860 0.99972 0.99725 0.99474 0.00000 0.99920 0.97512 0.99816 0.99961 0.99939 0.98786 0.98322 0.99488 0.98380 0.98588 0.99640 0.99468 0.98831
0.98848 0.99519 0.99343 0.99626 0.98359 0.99954 0.99980 0.99920 0.00000 0.99810 0.99699 0.99757 0.99821 0.98104 0.99220 0.99871 0.99670 0.99596 0.99962 0.99848 0.99598
0.99940 0.97592 0.98885 0.99406 0.99958 0.99917 0.99976 0.97512 0.99810 0.00000 0.99703 0.99863 0.99494 0.98984 0.98992 0.99880 0.99086 0.98204 0.99970 0.99906 0.99656
0.99907 0.98672 0.98155 0.99953 0.99881 0.99619 0.99965 0.99816 0.99699 0.99703 0.00000 0.99611 0.99842 0.99125 0.99172 0.99444 0.99174 0.98892 0.99942 0.99489 0.97750
0.99762 0.99526 0.99473 0.99332 0.99804 0.99951 0.99058 0.99961 0.99757 0.99863 0.99611 0.00000 0.99875 0.99542 0.99661 0.99859 0.98758 0.99604 0.99974 0.99837 0.99275
0.99913 0.93065 0.99178 0.95305 0.99961 0.99921 0.99982 0.99939 0.99821 0.99494 0.99842 0.99875 0.00000 0.99763 0.99735 0.99867 0.99553 0.99654 0.99775 0.99890 0.99558
0.97079 0.97794 0.99052 0.99201 0.97506 0.99696 0.93034 0.98786 0.98104 0.98984 0.99125 0.99542 0.99763 0.00000 0.85843 0.97858 0.93755 0.94243 0.97729 0.98023 0.97418
0.99391 0.96610 0.97638 0.98645 0.98202 0.99364 0.96179 0.98322 0.99220 0.98992 0.99172 0.99661 0.99735 0.85843 0.00000 0.97152 0.93738 0.92510 0.97035 0.95467 0.97040
0.99933 0.96547 0.99313 0.99729 0.98762 0.99503 0.98415 0.99488 0.99871 0.99880 0.99444 0.99859 0.99867 0.97858 0.97152 0.00000 0.88175 0.69381 0.89427 0.98837 0.97828
0.99495 0.96851 0.98166 0.99027 0.96831 0.98250 0.84336 0.98380 0.99670 0.99086 0.99174 0.98758 0.99553 0.93755 0.93738 0.88175 0.00000 0.79997 0.91880 0.94021 0.96149
0.99306 0.96816 0.98453 0.98519 0.92954 0.98911 0.96780 0.98588 0.99596 0.98204 0.98892 0.99604 0.99654 0.94243 0.92510 0.69381 0.79997 0.00000 0.96219 0.94811 0.96416
0.99980 0.98508 0.99895 0.99977 0.99953 0.99974 0.97531 0.99640 0.99962 0.99970 0.99942 0.99974 0.99775 0.97729 0.97035 0.89427 0.91880 0.96219 0.00000 0.99338 0.98761
0.99852 0.98263 0.97091 0.98844 0.98798 0.99521 0.98894 0.99468 0.99848 0.99906 0.99489 0.99837 0.99890 0.98023 0.95467 0.98837 0.94021 0.94811 0.99338 0.00000 0.97588
0.99722 0.93667 0.97390 0.98666 0.99595 0.98993 0.96576 0.98831 0.99598 0.99656 0.97750 0.99275 0.99558 0.97418 0.97040 0.97828 0.96149 0.96416 0.98761 0.97588 0.00000
