0.00000 1.00000 0.99999 0.99999 0.99994 0.99999 1.00000 0.99999 1.00000 1.00000 1.00000 0.99996 0.95563
1.00000 0.00000 0.99032 0.99144 0.97584 0.98580 0.99783 0.99884 0.97330 0.99193 0.99646 0.98974 0.99293
0.99999 0.99032 0.00000 0.91358 0.95761 0.98589 0.96550 0.94014 0.94084 0.91612 0.99328 0.95471 0.98601
0.99999 0.99144 0.91358 0.00000 0.97386 0.98167 0.97894 0.98972 0.97919 0.95903 0.98771 0.97053 0.98762
0.99994 0.97584 0.95761 0.97386 0.00000 0.99359 0.99966 0.96757 0.99133 0.98476 0.99970 0.96725 0.92905
0.99999 0.98580 0.98589 0.98167 0.99359 0.00000 0.99159 0.99837 0.97904 0.98702 0.99242 0.98451 0.99178
1.00000 0.99783 0.96550 0.97894 0.99966 0.99159 0.00000 0.99340 0.98099 0.98230 0.99626 0.98628 0.99974
0.99999 0.99884 0.94014 0.98972 0.96757 0.99837 0.99340 0.00000 0.99810 0.99800 0.99994 0.99699 0.98861
1.00000 0.97330 0.94084 0.97919 0.99133 0.97904 0.98099 0.99810 0.00000 0.74476 0.99209 0.95100 0.99699
1.00000 0.99193 0.91612 0.95903 0.98476 0.98702 0.98230 0.99800 0.74476 0.00000 0.99399 0.94285 0.99623
1.00000 0.99646 0.99328 0.98771 0.99970 0.99242 0.99626 0.99994 0.99209 0.99399 0.00000 0.98540 0.99905
0.99996 0.98974 0.95471 0.97053 0.96725 0.98451 0.98628 0.99699 0.95100 0.94285 0.98540 0.00000 0.94994
0.95563 0.99293 0.98601 0.98762 0.92905 0.99178 0.99974 0.98861 0.99699 0.99623 0.99905 0.94994 0.00000
