0.00000 0.99281 0.99965 0.99986 0.98518 0.99788 0.99795 0.99865 0.99988 0.99379 0.99088 0.99714 0.99618 0.96945 0.91915
0.99281 0.00000 0.99960 0.99992 0.99916 0.99968 0.99932 0.99099 0.99999 0.63201 0.97246 0.99744 0.98940 0.99528 0.93218
0.99965 0.99960 0.00000 0.99986 0.99995 0.95896 0.94940 0.97248 0.99995 0.43052 0.70915 0.95109 0.98795 0.99976 0.98132
0.99986 0.99992 0.99986 0.00000 1.00000 0.99217 0.99294 0.99979 1.00000 0.99531 0.99597 0.98811 0.99991 0.99984 0.96393
0.98518 0.99916 0.99995 1.00000 0.00000 0.99926 0.99748 0.99959 0.99991 0.99987 0.99584 0.99736 0.99914 0.99455 0.99636
0.99788 0.99968 0.95896 0.99217 0.99926 0.00000 0.94497 0.98506 0.99963 1.29223 0.95596 0.95306 0.99047 0.99905 0.99139
0.99795 0.99932 0.94940 0.99294 0.99748 0.94497 0.00000 0.96525 0.99935 0.37155 0.93105 0.91505 0.94758 0.99887 0.98200
0.99865 0.99099 0.97248 0.99979 0.99959 0.98506 0.96525 0.00000 0.99875 0.84160 0.83900 0.64739 0.97881 0.99911 0.97103
0.99988 0.99999 0.99995 1.00000 0.99991 0.99963 0.99935 0.99875 0.00000 1.15336 0.99823 0.99628 0.99952 0.99978 0.99966
0.99379 0.63201 0.43052 0.99531 0.99987 1.29223 0.37155 0.84160 1.15336 0.00000 0.81420 1.02075 0.93767 1.00825 0.94284
0.99088 0.97246 0.70915 0.99597 0.99584 0.95596 0.93105 0.83900 0.99823 0.81420 0.00000 0.78421 0.95391 0.99638 0.95544
0.99714 0.99744 0.95109 0.98811 0.99736 0.95306 0.91505 0.64739 0.99628 1.02075 0.78421 0.00000 0.94147 0.99854 0.96751
0.99618 0.98940 0.98795 0.99991 0.99914 0.99047 0.94758 0.97881 0.99952 0.93767 0.95391 0.94147 0.00000 0.99763 0.97192
0.96945 0.99528 0.99976 0.99984 0.99455 0.99905 0.99887 0.99911 0.99978 1.00825 0.99638 0.99854 0.99763 0.00000 0.85417
0.91915 0.93218 0.98132 0.96393 0.99636 0.99139 0.98200 0.97103 0.99966 0.94284 0.95544 0.96751 0.97192 0.85417 0.00000
