0.00000 1.00000 0.99898 1.00000 0.99971 0.98169
1.00000 0.00000 1.00000 0.99993 0.99061 0.99198
0.99898 1.00000 0.00000 0.99686 0.99921 0.98479
1.00000 0.99993 0.99686 0.00000 0.96692 0.98792
0.99971 0.99061 0.99921 0.96692 0.00000 0.92440
0.98169 0.99198 0.98479 0.98792 0.92440 0.00000
