0.00000 0.99306 0.99317 0.98212 0.99288 0.99926 0.99499 0.99692 0.99170 0.99843 0.99647 0.99900 0.97647 0.99398 0.99714
0.99306 0.00000 0.91924 0.95576 0.96869 0.98970 0.97405 0.97563 0.99108 0.96872 0.99008 0.93677 0.95676 0.94210 0.97633
0.99317 0.91924 0.00000 0.97018 0.99364 0.97794 0.99541 0.98135 0.98699 0.98604 0.99138 0.98918 0.98367 0.97097 0.98349
0.98212 0.95576 0.97018 0.00000 0.99987 0.99988 0.99946 0.99770 0.99368 0.99975 0.98874 0.96437 0.98659 0.98217 0.98519
0.99288 0.96869 0.99364 0.99987 0.00000 0.99877 0.99979 0.99857 0.98686 0.99768 0.99670 0.99995 0.97504 0.97232 0.99742
0.99926 0.98970 0.97794 0.99988 0.99877 0.00000 0.98967 0.99311 0.99799 0.99768 0.99870 0.99904 0.99218 0.98581 0.99174
0.99499 0.97405 0.99541 0.99946 0.99979 0.98967 0.00000 0.99008 0.99973 0.99965 0.99454 0.99986 0.86977 0.92619 0.98851
0.99692 0.97563 0.98135 0.99770 0.99857 0.99311 0.99008 0.00000 0.99706 0.97193 0.99836 0.99960 0.97177 0.96240 0.99355
0.99170 0.99108 0.98699 0.99368 0.98686 0.99799 0.99973 0.99706 0.00000 0.99466 0.99548 0.99756 0.98438 0.99053 0.99582
0.99843 0.96872 0.98604 0.99975 0.99768 0.99768 0.99965 0.97193 0.99466 0.00000 0.99763 0.99585 0.98325 0.98265 0.99655
0.99647 0.99008 0.99138 0.98874 0.99670 0.99870 0.99454 0.99836 0.99548 0.99763 0.00000 0.99882 0.99181 0.99347 0.99440
0.99900 0.93677 0.98918 0.96437 0.99995 0.99904 0.99986 0.99960 0.99756 0.99585 0.99882 0.00000 0.99771 0.99779 0.99791
0.97647 0.95676 0.98367 0.98659 0.97504 0.99218 0.86977 0.97177 0.98438 0.98325 0.99181 0.99771 0.00000 0.78445 0.97160
0.99398 0.94210 0.97097 0.98217 0.97232 0.98581 0.92619 0.96240 0.99053 0.98265 0.99347 0.99779 0.78445 0.00000 0.96710
0.99714 0.97633 0.98349 0.98519 0.99742 0.99174 0.98851 0.99355 0.99582 0.99655 0.99440 0.99791 0.97160 0.96710 0.00000
