0.00000 0.99419 0.99533 0.98757 0.99138 0.99979 0.99557 0.99791 0.99106 0.99911 0.99855 0.99779 0.99878 0.97529 0.99476 0.98545 0.99407
0.99419 0.00000 0.91760 0.95903 0.97371 0.99090 0.97249 0.97672 0.99283 0.96892 0.97767 0.99297 0.92438 0.95763 0.94053 0.91533 0.92727
0.99533 0.91760 0.00000 0.97678 0.99662 0.98023 0.99546 0.98308 0.99180 0.98403 0.97634 0.99386 0.98950 0.98824 0.97813 0.95933 0.92662
0.98757 0.95903 0.97678 0.00000 0.99982 0.99993 0.99947 0.99837 0.99550 0.99297 0.99896 0.99220 0.95533 0.99027 0.98541 0.97053 0.95367
0.99138 0.97371 0.99662 0.99982 0.00000 0.99959 0.99950 0.99943 0.98577 0.99915 0.99823 0.99797 0.99918 0.97311 0.96824 0.85364 0.99771
0.99979 0.99090 0.98023 0.99993 0.99959 0.00000 0.98659 0.99594 0.99918 0.99842 0.99012 0.99943 0.99868 0.99552 0.99091 0.97232 0.97985
0.99557 0.97249 0.99546 0.99947 0.99950 0.98659 0.00000 0.98956 0.99975 0.99965 0.99949 0.99463 0.99974 0.88650 0.92485 0.89454 0.93836
0.99791 0.97672 0.98308 0.99837 0.99943 0.99594 0.98956 0.00000 0.99862 0.97716 0.99577 0.99946 0.99909 0.97572 0.96724 0.95559 0.97574
0.99106 0.99283 0.99180 0.99550 0.98577 0.99918 0.99975 0.99862 0.00000 0.99679 0.99552 0.99751 0.99747 0.98492 0.99272 0.98955 0.99092
0.99911 0.96892 0.98403 0.99297 0.99915 0.99842 0.99965 0.97716 0.99679 0.00000 0.99709 0.99855 0.99038 0.98771 0.98809 0.97938 0.99426
0.99855 0.97767 0.97634 0.99896 0.99823 0.99012 0.99949 0.99577 0.99552 0.99709 0.00000 0.99574 0.99776 0.98861 0.98731 0.97251 0.98046
0.99779 0.99297 0.99386 0.99220 0.99797 0.99943 0.99463 0.99946 0.99751 0.99855 0.99574 0.00000 0.99834 0.99507 0.99523 0.98535 0.99201
0.99878 0.92438 0.98950 0.95533 0.99918 0.99868 0.99974 0.99909 0.99747 0.99038 0.99776 0.99834 0.00000 0.99636 0.99637 0.98272 0.98961
0.97529 0.95763 0.98824 0.99027 0.97311 0.99552 0.88650 0.97572 0.98492 0.98771 0.98861 0.99507 0.99636 0.00000 0.79947 0.87694 0.94194
0.99476 0.94053 0.97813 0.98541 0.96824 0.99091 0.92485 0.96724 0.99272 0.98809 0.98731 0.99523 0.99637 0.79947 0.00000 0.84265 0.92327
0.98545 0.91533 0.95933 0.97053 0.85364 0.97232 0.89454 0.95559 0.98955 0.97938 0.97251 0.98535 0.98272 0.87694 0.84265 0.00000 0.86193
0.99407 0.92727 0.92662 0.95367 0.99771 0.97985 0.93836 0.97574 0.99092 0.99426 0.98046 0.99201 0.98961 0.94194 0.92327 0.86193 0.00000
