0.0 2.0 2.0 2.0 2.0 2.0 2.0 2.0 2.0 2.0 2.0 2.0 2.0
2.0 0.0 1.98517420311 2.0 2.0 1.99258710156 1.98220904374 2.0 1.99280693234 2.0 2.0 2.0 2.0
2.0 1.98517420311 0.0 2.0 2.0 1.96875 2.0 2.0 2.0 2.0 2.0 2.0 2.0
2.0 2.0 2.0 0.0 2.0 2.0 2.0 2.0 2.0 2.0 2.0 2.0 2.0
2.0 2.0 2.0 2.0 0.0 2.0 1.99865410498 2.0 2.0 2.0 2.0 2.0 2.0
2.0 1.99258710156 1.96875 2.0 2.0 0.0 2.0 2.0 2.0 2.0 2.0 2.0 1.99579468151
2.0 1.98220904374 2.0 2.0 1.99865410498 2.0 0.0 1.97779273217 1.99971264368 2.0 2.0 2.0 2.0
2.0 2.0 2.0 2.0 2.0 2.0 1.97779273217 0.0 1.99762931034 2.0 2.0 2.0 2.0
2.0 1.99280693234 2.0 2.0 2.0 2.0 1.99971264368 1.99762931034 0.0 2.0 2.0 2.0 1.99428571429
2.0 2.0 2.0 2.0 2.0 2.0 2.0 2.0 2.0 0.0 2.0 2.0 1.99805194805
2.0 2.0 2.0 2.0 2.0 2.0 2.0 2.0 2.0 2.0 0.0 2.0 1.99948051948
2.0 2.0 2.0 2.0 2.0 2.0 2.0 2.0 2.0 2.0 2.0 0.0 1.99851576994
2.0 2.0 2.0 2.0 2.0 1.99579468151 2.0 2.0 1.99428571429 1.99805194805 1.99948051948 1.99851576994 0.0
