0.00000 0.99409 0.99452 0.99460 0.97966 0.99929 0.99978 0.96705 0.99220 0.98422 0.99962 0.98397 0.99832 0.99973 0.99991 0.99871 0.99674 0.99743 0.99861
0.99409 0.00000 0.92315 0.98823 0.98950 0.97143 0.91495 0.96734 0.94950 0.91593 0.99847 0.93622 0.97130 0.99928 0.98732 0.97579 0.99297 0.99650 0.99505
0.99452 0.92315 0.00000 0.99243 0.98802 0.99235 0.99354 0.98847 0.97657 0.95715 0.99722 0.92578 0.98538 0.99739 0.99510 0.97702 0.99039 0.99625 0.99335
0.99460 0.98823 0.99243 0.00000 0.99862 0.99995 0.98613 0.99773 0.99616 0.98852 0.99629 0.98174 0.99699 0.99749 0.99919 0.99571 0.97221 0.97960 0.99289
0.97966 0.98950 0.98802 0.99862 0.00000 0.99699 0.99957 0.97629 0.98952 0.98829 0.99774 0.98069 0.99682 0.99987 0.99953 0.99777 0.99126 0.99713 0.99765
0.99929 0.97143 0.99235 0.99995 0.99699 0.00000 0.99789 0.98939 0.98962 0.97786 0.99999 0.97841 0.99577 0.99998 0.99719 0.99736 0.99419 0.99717 0.99824
0.99978 0.91495 0.99354 0.98613 0.99957 0.99789 0.00000 0.99940 0.99933 0.98285 0.99907 0.99019 0.99928 0.99922 0.99982 0.99863 0.98933 0.99577 0.99855
0.96705 0.96734 0.98847 0.99773 0.97629 0.98939 0.99940 0.00000 0.85726 0.90180 0.99864 0.95899 0.96106 0.99944 0.98237 0.99132 0.99622 0.99791 0.99653
0.99220 0.94950 0.97657 0.99616 0.98952 0.98962 0.99933 0.85726 0.00000 0.86163 0.99970 0.94521 0.94577 0.99943 0.97600 0.98436 0.99794 0.99799 0.99679
0.98422 0.91593 0.95715 0.98852 0.98829 0.97786 0.98285 0.90180 0.86163 0.00000 0.99820 0.91224 0.92244 0.99781 0.96665 0.94681 0.99462 0.99616 0.98719
0.99962 0.99847 0.99722 0.99629 0.99774 0.99999 0.99907 0.99864 0.99970 0.99820 0.00000 0.99220 0.99947 0.99857 0.99985 0.99914 0.97435 0.98915 0.99632
0.98397 0.93622 0.92578 0.98174 0.98069 0.97841 0.99019 0.95899 0.94521 0.91224 0.99220 0.00000 0.95543 0.99440 0.98064 0.91640 0.97639 0.98735 0.97672
0.99832 0.97130 0.98538 0.99699 0.99682 0.99577 0.99928 0.96106 0.94577 0.92244 0.99947 0.95543 0.00000 0.99625 0.98591 0.97537 0.99758 0.99655 0.99728
0.99973 0.99928 0.99739 0.99749 0.99987 0.99998 0.99922 0.99944 0.99943 0.99781 0.99857 0.99440 0.99625 0.00000 0.99980 0.99818 0.98143 0.98782 0.99774
0.99991 0.98732 0.99510 0.99919 0.99953 0.99719 0.99982 0.98237 0.97600 0.96665 0.99985 0.98064 0.98591 0.99980 0.00000 0.99295 0.99920 0.99909 0.99967
0.99871 0.97579 0.97702 0.99571 0.99777 0.99736 0.99863 0.99132 0.98436 0.94681 0.99914 0.91640 0.97537 0.99818 0.99295 0.00000 0.99297 0.99644 0.99636
0.99674 0.99297 0.99039 0.97221 0.99126 0.99419 0.98933 0.99622 0.99794 0.99462 0.97435 0.97639 0.99758 0.98143 0.99920 0.99297 0.00000 0.97313 0.98108
0.99743 0.99650 0.99625 0.97960 0.99713 0.99717 0.99577 0.99791 0.99799 0.99616 0.98915 0.98735 0.99655 0.98782 0.99909 0.99644 0.97313 0.00000 0.99341
0.99861 0.99505 0.99335 0.99289 0.99765 0.99824 0.99855 0.99653 0.99679 0.98719 0.99632 0.97672 0.99728 0.99774 0.99967 0.99636 0.98108 0.99341 0.00000
