0.00000 0.99497 0.99528 0.98940 0.98757 0.99987 0.99731 0.99818 0.98534 0.99947 0.99914 0.99757 0.99918 0.95534 0.99263 0.99930 0.99606 0.99425 0.99979 0.99842 0.99982 0.99988 0.99905 0.99686 0.99954 0.99099 0.99586 0.99974 0.98608 0.99791
0.99497 0.00000 0.93469 0.96770 0.98783 0.99410 0.98643 0.98522 0.99418 0.97017 0.98478 0.99506 0.92073 0.97654 0.97228 0.95948 0.96586 0.97393 0.98207 0.97976 0.99090 0.99006 0.98631 0.98477 0.98679 0.91992 0.97463 0.98649 0.85274 0.99497
0.99528 0.93469 0.00000 0.98143 0.99608 0.98856 0.99608 0.98804 0.99336 0.99101 0.98264 0.99553 0.99333 0.98893 0.98095 0.99334 0.98240 0.98769 0.99892 0.97145 0.99835 0.99272 0.99194 0.98994 0.99657 0.95483 0.97622 0.99472 0.94475 0.99526
0.98940 0.96770 0.98143 0.00000 0.99981 0.99983 0.99955 0.99861 0.99619 0.99411 0.99951 0.99335 0.96497 0.98979 0.98788 0.99710 0.99091 0.98580 0.99974 0.98662 0.99995 0.99990 0.98865 0.94137 0.99749 0.96022 0.96056 0.99486 0.95244 0.99136
0.98757 0.98783 0.99608 0.99981 0.00000 0.99977 0.97134 0.99974 0.97874 0.99961 0.99892 0.99762 0.99959 0.95840 0.97752 0.98669 0.95722 0.94430 0.99941 0.98224 0.99970 0.99978 0.99923 0.99995 0.99938 0.99631 0.99954 0.99954 0.83207 0.99948
0.99987 0.99410 0.98856 0.99983 0.99977 0.00000 0.98996 0.99762 0.99959 0.99938 0.99669 0.99956 0.99938 0.99660 0.99420 0.99548 0.98549 0.99226 0.99973 0.99468 0.99965 0.99692 0.99779 0.99931 0.99933 0.99130 0.95017 0.99648 0.95313 0.99954
0.99731 0.98643 0.99608 0.99955 0.97134 0.98996 0.00000 0.99711 0.99949 0.99981 0.99967 0.99427 0.99980 0.93269 0.97469 0.98600 0.76235 0.97403 0.97891 0.98816 0.99699 0.99303 0.99419 0.99982 0.98684 0.95267 0.99160 0.99328 0.92134 0.99853
0.99818 0.98522 0.98804 0.99861 0.99974 0.99762 0.99711 0.00000 0.99919 0.97818 0.99830 0.99965 0.99947 0.98974 0.98968 0.99614 0.98696 0.99194 0.99784 0.99417 0.99917 0.99770 0.99385 0.99950 0.99492 0.98652 0.99494 0.99738 0.96392 0.99916
0.98534 0.99418 0.99336 0.99619 0.97874 0.99959 0.99949 0.99919 0.00000 0.99820 0.99789 0.99711 0.99857 0.96897 0.99015 0.99866 0.99667 0.99684 0.99956 0.99801 0.99954 0.99938 0.99522 0.99784 0.99887 0.99190 0.99787 0.99884 0.98564 0.99892
0.99947 0.97017 0.99101 0.99411 0.99961 0.99938 0.99981 0.97818 0.99820 0.00000 0.99747 0.99880 0.99619 0.98616 0.98880 0.99889 0.99104 0.99062 0.99971 0.99895 0.99967 0.99949 0.99687 0.99210 0.99894 0.99228 0.99503 0.99957 0.93665 0.99853
0.99914 0.98478 0.98264 0.99951 0.99892 0.99669 0.99967 0.99830 0.99789 0.99747 0.00000 0.99636 0.99855 0.99119 0.99252 0.99430 0.99264 0.99338 0.99940 0.99470 0.99806 0.99084 0.99468 0.99977 0.98856 0.98049 0.99386 0.99426 0.96537 0.99826
0.99757 0.99506 0.99553 0.99335 0.99762 0.99956 0.99427 0.99965 0.99711 0.99880 0.99636 0.00000 0.99884 0.99405 0.99693 0.99874 0.99042 0.99762 0.99973 0.99853 0.99968 0.99955 0.99685 0.99657 0.99875 0.98533 0.99643 0.99856 0.98432 0.99787
0.99918 0.92073 0.99333 0.96497 0.99959 0.99938 0.99980 0.99947 0.99857 0.99619 0.99855 0.99884 0.00000 0.99718 0.99755 0.99862 0.99646 0.99753 0.99704 0.99877 0.99961 0.99955 0.97786 0.99331 0.99763 0.98684 0.99362 0.99894 0.90504 0.99648
0.95534 0.97654 0.98893 0.98979 0.95840 0.99660 0.93269 0.98974 0.96897 0.98616 0.99119 0.99405 0.99718 0.00000 0.87082 0.98131 0.93561 0.96424 0.98091 0.98293 0.98692 0.97897 0.98447 0.99535 0.96992 0.96678 0.99282 0.97096 0.89033 0.99749
0.99263 0.97228 0.98095 0.98788 0.97752 0.99420 0.97469 0.98968 0.99015 0.98880 0.99252 0.99693 0.99755 0.87082 0.00000 0.98092 0.95602 0.95841 0.98202 0.96449 0.98619 0.97605 0.98117 0.99727 0.96428 0.96215 0.99359 0.95998 0.89651 0.99797
0.99930 0.95948 0.99334 0.99710 0.98669 0.99548 0.98600 0.99614 0.99866 0.99889 0.99430 0.99874 0.99862 0.98131 0.98092 0.00000 0.87496 0.67995 0.90261 0.98758 0.99593 0.99379 0.99487 0.99936 0.99287 0.97274 0.99495 0.98848 0.91166 0.99872
0.99606 0.96586 0.98240 0.99091 0.95722 0.98549 0.76235 0.98696 0.99667 0.99104 0.99264 0.99042 0.99646 0.93561 0.95602 0.87496 0.00000 0.80006 0.91584 0.93794 0.97391 0.97671 0.98535 0.99600 0.97930 0.94909 0.98450 0.96762 0.85761 0.99664
0.99425 0.97393 0.98769 0.98580 0.94430 0.99226 0.97403 0.99194 0.99684 0.99062 0.99338 0.99762 0.99753 0.96424 0.95841 0.67995 0.80006 0.00000 0.97196 0.94727 0.98897 0.98456 0.98923 0.99757 0.98347 0.96279 0.99169 0.96991 0.83055 0.99765
0.99979 0.98207 0.99892 0.99974 0.99941 0.99973 0.97891 0.99784 0.99956 0.99971 0.99940 0.99973 0.99704 0.98091 0.98202 0.90261 0.91584 0.97196 0.00000 0.99385 0.99800 0.99552 0.99585 0.99991 0.99069 0.97807 0.99897 0.99552 0.93146 0.99956
0.99842 0.97976 0.97145 0.98662 0.98224 0.99468 0.98816 0.99417 0.99801 0.99895 0.99470 0.99853 0.99877 0.98293 0.96449 0.98758 0.93794 0.94727 0.99385 0.00000 0.99657 0.99425 0.99413 0.99671 0.99251 0.95708 0.99137 0.99231 0.91239 0.99842
0.99982 0.99090 0.99835 0.99995 0.99970 0.99965 0.99699 0.99917 0.99954 0.99967 0.99806 0.99968 0.99961 0.98692 0.98619 0.99593 0.97391 0.98897 0.99800 0.99657 0.00000 0.73193 0.99760 0.99988 0.99582 0.98200 0.99882 0.99750 0.88274 0.99952
0.99988 0.99006 0.99272 0.99990 0.99978 0.99692 0.99303 0.99770 0.99938 0.99949 0.99084 0.99955 0.99955 0.97897 0.97605 0.99379 0.97671 0.98456 0.99552 0.99425 0.73193 0.00000 0.99424 0.99888 0.99020 0.97158 0.99372 0.99422 0.93086 0.99943
0.99905 0.98631 0.99194 0.98865 0.99923 0.99779 0.99419 0.99385 0.99522 0.99687 0.99468 0.99685 0.97786 0.98447 0.98117 0.99487 0.98535 0.98923 0.99585 0.99413 0.99760 0.99424 0.00000 0.85317 0.75728 0.97647 0.99121 0.99136 0.91695 0.99489
0.99686 0.98477 0.98994 0.94137 0.99995 0.99931 0.99982 0.99950 0.99784 0.99210 0.99977 0.99657 0.99331 0.99535 0.99727 0.99936 0.99600 0.99757 0.99991 0.99671 0.99988 0.99888 0.85317 0.00000 0.99426 0.97825 0.97687 0.99988 0.97132 0.99574
0.99954 0.98679 0.99657 0.99749 0.99938 0.99933 0.98684 0.99492 0.99887 0.99894 0.98856 0.99875 0.99763 0.96992 0.96428 0.99287 0.97930 0.98347 0.99069 0.99251 0.99582 0.99020 0.75728 0.99426 0.00000 0.97521 0.99700 0.98950 0.93388 0.99815
0.99099 0.91992 0.95483 0.96022 0.99631 0.99130 0.95267 0.98652 0.99190 0.99228 0.98049 0.98533 0.98684 0.96678 0.96215 0.97274 0.94909 0.96279 0.97807 0.95708 0.98200 0.97158 0.97647 0.97825 0.97521 0.00000 0.94522 0.98106 0.70576 0.61698
0.99586 0.97463 0.97622 0.96056 0.99954 0.95017 0.99160 0.99494 0.99787 0.99503 0.99386 0.99643 0.99362 0.99282 0.99359 0.99495 0.98450 0.99169 0.99897 0.99137 0.99882 0.99372 0.99121 0.97687 0.99700 0.94522 0.00000 0.99599 0.95413 0.99331
0.99974 0.98649 0.99472 0.99486 0.99954 0.99648 0.99328 0.99738 0.99884 0.99957 0.99426 0.99856 0.99894 0.97096 0.95998 0.98848 0.96762 0.96991 0.99552 0.99231 0.99750 0.99422 0.99136 0.99988 0.98950 0.98106 0.99599 0.00000 0.90162 0.99917
0.98608 0.85274 0.94475 0.95244 0.83207 0.95313 0.92134 0.96392 0.98564 0.93665 0.96537 0.98432 0.90504 0.89033 0.89651 0.91166 0.85761 0.83055 0.93146 0.91239 0.88274 0.93086 0.91695 0.97132 0.93388 0.70576 0.95413 0.90162 0.00000 0.97492
0.99791 0.99497 0.99526 0.99136 0.99948 0.99954 0.99853 0.99916 0.99892 0.99853 0.99826 0.99787 0.99648 0.99749 0.99797 0.99872 0.99664 0.99765 0.99956 0.99842 0.99952 0.99943 0.99489 0.99574 0.99815 0.61698 0.99331 0.99917 0.97492 0.00000
