0.00000 0.99999 0.99993 0.99995 0.99977 0.99999 0.99999 0.99999 0.99996 0.99996 0.99952 0.83427 0.36557 0.99896
0.99999 0.00000 0.98411 0.98566 0.99016 0.97800 0.99429 0.99949 0.96405 0.98522 0.97259 0.99129 0.99752 0.99738
0.99993 0.98411 0.00000 0.89672 0.97659 0.97139 0.94811 0.92876 0.93376 0.91269 0.81918 0.97500 0.99443 0.99394
0.99995 0.98566 0.89672 0.00000 0.98534 0.97044 0.97861 0.99295 0.96736 0.95437 0.90642 0.97956 0.99584 0.99642
0.99977 0.99016 0.97659 0.98534 0.00000 0.99724 0.99982 0.96936 0.99539 0.99143 0.95833 0.98740 0.97639 0.97287
0.99999 0.97800 0.97139 0.97044 0.99724 0.00000 0.98369 0.99920 0.96257 0.97367 0.94970 0.98468 0.99848 0.99963
0.99999 0.99429 0.94811 0.97861 0.99982 0.98369 0.00000 0.99839 0.96958 0.97098 0.96685 0.98479 0.99921 0.99982
0.99999 0.99949 0.92876 0.99295 0.96936 0.99920 0.99839 0.00000 0.99894 0.99872 0.99180 0.99410 0.99738 0.99749
0.99996 0.96405 0.93376 0.96736 0.99539 0.96257 0.96958 0.99894 0.00000 0.78808 0.88431 0.96252 0.99781 0.99864
0.99996 0.98522 0.91269 0.95437 0.99143 0.97367 0.97098 0.99872 0.78808 0.00000 0.83533 0.96356 0.99740 0.99872
0.99952 0.97259 0.81918 0.90642 0.95833 0.94970 0.96685 0.99180 0.88431 0.83533 0.00000 0.94778 0.97397 0.98471
0.83427 0.99129 0.97500 0.97956 0.98740 0.98468 0.98479 0.99410 0.96252 0.96356 0.94778 0.00000 0.68484 0.92927
0.36557 0.99752 0.99443 0.99584 0.97639 0.99848 0.99921 0.99738 0.99781 0.99740 0.97397 0.68484 0.00000 0.89555
0.99896 0.99738 0.99394 0.99642 0.97287 0.99963 0.99982 0.99749 0.99864 0.99872 0.98471 0.92927 0.89555 0.00000
