0.00000 0.99577 0.99631 0.99804 0.99797 0.99928 0.96445 0.98932 0.99741 0.99378
0.99577 0.00000 0.94350 0.98600 0.96339 0.99146 0.97129 0.98033 0.99259 0.95537
0.99631 0.94350 0.00000 0.99859 0.98620 0.98835 0.99156 0.88397 0.99124 0.95839
0.99804 0.98600 0.99859 0.00000 0.99990 0.98985 0.99423 0.99753 0.98821 0.99722
0.99797 0.96339 0.98620 0.99990 0.00000 0.99533 0.97438 0.99556 0.99139 0.98894
0.99928 0.99146 0.98835 0.98985 0.99533 0.00000 0.99884 0.99960 0.99034 0.98420
0.96445 0.97129 0.99156 0.99423 0.97438 0.99884 0.00000 0.95003 0.99564 0.95269
0.98932 0.98033 0.88397 0.99753 0.99556 0.99960 0.95003 0.00000 0.99716 0.95873
0.99741 0.99259 0.99124 0.98821 0.99139 0.99034 0.99564 0.99716 0.00000 0.90761
0.99378 0.95537 0.95839 0.99722 0.98894 0.98420 0.95269 0.95873 0.90761 0.00000
