0.00000 0.92836 0.98004 0.96112 0.98058 0.99592 0.99897 0.99629 0.99789 0.94996 0.99953 0.99750 0.99423 0.96668 0.97095 0.80861
0.92836 0.00000 0.95462 0.97412 0.95698 0.99261 0.99443 0.97828 0.99021 0.91252 0.99704 0.98126 0.97528 0.94015 0.93831 0.90713
0.98004 0.95462 0.00000 0.96173 0.96847 0.99240 0.97961 0.95137 0.99585 0.95593 0.98057 0.98142 0.99044 0.95761 0.83407 0.97321
0.96112 0.97412 0.96173 0.00000 0.54867 0.81642 0.13492 0.80392 0.98416 0.82882 0.88063 0.98019 0.98404 0.88039 0.87593 0.97917
0.98058 0.95698 0.96847 0.54867 0.00000 0.93684 0.54311 0.88588 0.99506 0.87449 0.96223 0.98294 0.95714 0.90427 0.90168 0.94929
0.99592 0.99261 0.99240 0.81642 0.93684 0.00000 0.92850 0.99317 0.99761 0.98775 0.99856 0.99561 0.99785 0.99017 0.98853 0.99716
0.99897 0.99443 0.97961 0.13492 0.54311 0.92850 0.00000 0.90929 0.99903 0.84790 0.96860 0.99334 0.99676 0.95917 0.95601 0.99755
0.99629 0.97828 0.95137 0.80392 0.88588 0.99317 0.90929 0.00000 0.99801 0.76467 0.57746 0.98667 0.98942 0.48865 0.45383 0.98433
0.99789 0.99021 0.99585 0.98416 0.99506 0.99761 0.99903 0.99801 0.00000 0.96949 0.99981 0.99570 0.95613 0.99466 0.99799 0.99817
0.94996 0.91252 0.95593 0.82882 0.87449 0.98775 0.84790 0.76467 0.96949 0.00000 0.96929 0.97602 0.97664 0.79838 0.79746 0.91237
0.99953 0.99704 0.98057 0.88063 0.96223 0.99856 0.96860 0.57746 0.99981 0.96929 0.00000 0.99726 0.99912 0.82887 0.81101 0.99772
0.99750 0.98126 0.98142 0.98019 0.98294 0.99561 0.99334 0.98667 0.99570 0.97602 0.99726 0.00000 0.99873 0.98732 0.98409 0.99669
0.99423 0.97528 0.99044 0.98404 0.95714 0.99785 0.99676 0.98942 0.95613 0.97664 0.99912 0.99873 0.00000 0.98669 0.98530 0.98574
0.96668 0.94015 0.95761 0.88039 0.90427 0.99017 0.95917 0.48865 0.99466 0.79838 0.82887 0.98732 0.98669 0.00000 0.65310 0.90595
0.97095 0.93831 0.83407 0.87593 0.90168 0.98853 0.95601 0.45383 0.99799 0.79746 0.81101 0.98409 0.98530 0.65310 0.00000 0.94174
0.80861 0.90713 0.97321 0.97917 0.94929 0.99716 0.99755 0.98433 0.99817 0.91237 0.99772 0.99669 0.98574 0.90595 0.94174 0.00000
