0.00000 0.99611 0.99848 0.99592 0.99925 0.99967 0.92248 0.98322 0.98091 0.99663 0.99751 0.99818 0.99676 0.99879
0.99611 0.00000 0.94398 0.98552 0.97302 0.99235 0.97529 0.98546 0.94216 0.93741 0.98604 0.97996 0.99312 0.99572
0.99848 0.94398 0.00000 0.99768 0.99520 0.99131 0.99393 0.90640 0.97517 0.96825 0.99459 0.99186 0.99472 0.99655
0.99592 0.98552 0.99768 0.00000 0.99994 0.99331 0.99408 0.99802 0.98318 0.98914 0.99816 0.98853 0.95009 0.99605
0.99925 0.97302 0.99520 0.99994 0.00000 0.99835 0.97184 0.99783 0.97627 0.99375 0.96379 0.99787 0.99314 0.99772
0.99967 0.99235 0.99131 0.99331 0.99835 0.00000 0.99922 0.99971 0.99680 0.99182 0.99968 0.99535 0.98709 0.99449
0.92248 0.97529 0.99393 0.99408 0.97184 0.99922 0.00000 0.93764 0.90647 0.95189 0.59870 0.99387 0.99482 0.99665
0.98322 0.98546 0.90640 0.99802 0.99783 0.99971 0.93764 0.00000 0.91912 0.96552 0.98306 0.98951 0.99791 0.99759
0.98091 0.94216 0.97517 0.98318 0.97627 0.99680 0.90647 0.91912 0.00000 0.90210 0.93612 0.97626 0.99022 0.98876
0.99663 0.93741 0.96825 0.98914 0.99375 0.99182 0.95189 0.96552 0.90210 0.00000 0.95448 0.94395 0.98385 0.67102
0.99751 0.98604 0.99459 0.99816 0.96379 0.99968 0.59870 0.98306 0.93612 0.95448 0.00000 0.99473 0.99532 0.99683
0.99818 0.97996 0.99186 0.98853 0.99787 0.99535 0.99387 0.98951 0.97626 0.94395 0.99473 0.00000 0.98851 0.99256
0.99676 0.99312 0.99472 0.95009 0.99314 0.98709 0.99482 0.99791 0.99022 0.98385 0.99532 0.98851 0.00000 0.98105
0.99879 0.99572 0.99655 0.99605 0.99772 0.99449 0.99665 0.99759 0.98876 0.67102 0.99683 0.99256 0.98105 0.00000
