0.00000 0.92446 0.99999 0.99999 0.99999 0.98365 0.99786 0.99999
0.92446 0.00000 0.98464 0.97530 0.99395 0.98369 0.96218 0.98404
0.99999 0.98464 0.00000 0.99510 0.99107 0.99504 0.99036 0.99312
0.99999 0.97530 0.99510 0.00000 0.99766 0.99587 0.96217 0.99532
0.99999 0.99395 0.99107 0.99766 0.00000 0.99627 0.98778 0.99814
0.98365 0.98369 0.99504 0.99587 0.99627 0.00000 0.99479 0.99842
0.99786 0.96218 0.99036 0.96217 0.98778 0.99479 0.00000 0.38504
0.99999 0.98404 0.99312 0.99532 0.99814 0.99842 0.38504 0.00000
