0.00000 0.99579 0.99498 0.99462 0.98311 0.99984 0.99619 0.99754 0.98060 0.99963 0.99849 0.99711 0.99956 0.95698 0.99191 0.99788 0.99878 0.99999 0.99621 0.99947 0.99505 0.99876 0.99929 0.99899 0.99942 0.99813 0.99790 0.99925 0.99756 0.99902 0.99787 0.99871 0.99978 0.99381
0.99579 0.00000 0.91303 0.98468 0.97255 0.98638 0.95960 0.96785 0.99296 0.96798 0.97903 0.99712 0.93962 0.91546 0.90549 0.95722 0.94696 0.99972 0.99158 0.99839 0.98368 0.98970 0.99750 0.99728 0.98794 0.99524 0.99739 0.99835 0.99116 0.99599 0.99358 0.98794 0.99762 0.94011
0.99498 0.91303 0.00000 0.98763 0.99519 0.95757 0.99221 0.97606 0.99020 0.98909 0.96209 0.99597 0.99409 0.97845 0.96505 0.90271 0.95180 0.99970 0.98871 0.99710 0.97798 0.99463 0.99593 0.99589 0.99497 0.99285 0.99625 0.99826 0.98843 0.99460 0.98890 0.99528 0.99792 0.94124
0.99462 0.98468 0.98763 0.00000 0.99987 0.99990 0.99957 0.99912 0.99737 0.99541 0.99909 0.99625 0.97859 0.99320 0.99314 0.99486 0.93854 0.99973 0.97467 0.99874 0.98164 0.98077 0.99173 0.99461 0.99818 0.98377 0.98653 0.99613 0.95042 0.99395 0.99253 0.99815 0.99646 0.97084
0.98311 0.97255 0.99519 0.99987 0.00000 0.99972 0.99932 0.99961 0.97103 0.99963 0.99921 0.99689 0.99965 0.94374 0.95635 0.99910 0.99933 0.99999 0.99768 0.99944 0.99479 0.99930 0.99955 0.99890 0.99959 0.99869 0.99970 0.99994 0.99882 0.99922 0.99736 0.99957 0.99995 0.97531
0.99984 0.98638 0.95757 0.99990 0.99972 0.00000 0.98401 0.99063 0.99949 0.99938 0.97777 0.99952 0.99956 0.98960 0.98196 0.96247 0.99858 0.99997 0.99758 0.99941 0.99339 0.99947 0.99952 0.99904 0.99981 0.99910 0.99967 0.99956 0.99830 0.99896 0.99779 0.99980 0.99983 0.96925
0.99619 0.95960 0.99221 0.99957 0.99932 0.98401 0.00000 0.98145 0.99949 0.99941 0.99918 0.99293 0.99974 0.77440 0.85994 0.99825 0.99579 0.99999 0.99004 0.99980 0.99709 0.99985 0.99989 0.99980 0.99993 0.99892 0.99777 0.99755 0.99819 0.99981 0.99853 0.99992 0.99997 0.92415
0.99754 0.96785 0.97606 0.99912 0.99961 0.99063 0.98145 0.00000 0.99859 0.96462 0.99213 0.99960 0.99951 0.93578 0.93140 0.97275 0.99268 0.99997 0.99783 0.99943 0.99381 0.99945 0.99909 0.99912 0.99970 0.99903 0.99962 0.99984 0.99826 0.99929 0.99752 0.99969 0.99990 0.96972
0.98060 0.99296 0.99020 0.99737 0.97103 0.99949 0.99949 0.99859 0.00000 0.99771 0.99820 0.99645 0.99900 0.96592 0.98897 0.99204 0.99563 0.99997 0.99583 0.99870 0.99063 0.99732 0.99673 0.99808 0.99926 0.99151 0.99887 0.99977 0.99668 0.99781 0.99452 0.99924 0.99964 0.99155
0.99963 0.96798 0.98909 0.99541 0.99963 0.99938 0.99941 0.96462 0.99771 0.00000 0.99724 0.99887 0.99689 0.98362 0.98525 0.99575 0.83906 0.99996 0.98531 0.99639 0.95634 0.99776 0.99741 0.99713 0.99948 0.99504 0.99901 0.99945 0.99251 0.99404 0.99057 0.99944 0.99826 0.98944
0.99849 0.97903 0.96209 0.99909 0.99921 0.97777 0.99918 0.99213 0.99820 0.99724 0.00000 0.99791 0.99872 0.98613 0.98335 0.96598 0.98505 0.99977 0.99146 0.99833 0.98198 0.98973 0.99764 0.99728 0.98714 0.98671 0.99907 0.99904 0.99577 0.99549 0.99023 0.98709 0.99836 0.97437
0.99711 0.99712 0.99597 0.99625 0.99689 0.99952 0.99293 0.99960 0.99645 0.99887 0.99791 0.00000 0.99921 0.99347 0.99679 0.99741 0.99861 0.99984 0.98700 0.99876 0.98735 0.99175 0.99891 0.99552 0.99156 0.99537 0.99911 0.99748 0.97888 0.99693 0.99493 0.99158 0.99658 0.99589
0.99956 0.93962 0.99409 0.97859 0.99965 0.99956 0.99974 0.99951 0.99900 0.99689 0.99872 0.99921 0.00000 0.99767 0.99800 0.99763 0.99828 0.99993 0.98849 0.99618 0.96097 0.99528 0.99698 0.99696 0.99922 0.99351 0.99763 0.99915 0.98683 0.99552 0.99273 0.99920 0.99854 0.99687
0.95698 0.91546 0.97845 0.99320 0.94374 0.98960 0.77440 0.93578 0.96592 0.98362 0.98613 0.99347 0.99767 0.00000 0.59657 0.98701 0.98379 0.99989 0.99027 0.99791 0.98415 0.99616 0.99728 0.99690 0.99719 0.99455 0.99667 0.99737 0.99076 0.99569 0.99126 0.99732 0.99933 0.88255
0.99191 0.90549 0.96505 0.99314 0.95635 0.98196 0.85994 0.93140 0.98897 0.98525 0.98335 0.99679 0.99800 0.59657 0.00000 0.97525 0.98449 0.99991 0.99408 0.99853 0.98922 0.99748 0.99848 0.99768 0.99865 0.99638 0.99700 0.99919 0.99316 0.99758 0.99286 0.99857 0.99947 0.91741
0.99788 0.95722 0.90271 0.99486 0.99910 0.96247 0.99825 0.97275 0.99204 0.99575 0.96598 0.99741 0.99763 0.98701 0.97525 0.00000 0.94172 0.97974 0.98413 0.99694 0.97884 0.99579 0.99751 0.98902 0.99845 0.99265 0.99003 0.99711 0.91773 0.99650 0.98901 0.99860 0.99800 0.91433
0.99878 0.94696 0.95180 0.93854 0.99933 0.99858 0.99579 0.99268 0.99563 0.83906 0.98505 0.99861 0.99828 0.98379 0.98449 0.94172 0.00000 0.99989 0.99184 0.99845 0.98501 0.99736 0.99815 0.99456 0.99857 0.99166 0.99894 0.99850 0.99232 0.99717 0.99374 0.99793 0.99936 0.85549
0.99999 0.99972 0.99970 0.99973 0.99999 0.99997 0.99999 0.99997 0.99997 0.99996 0.99977 0.99984 0.99993 0.99989 0.99991 0.97974 0.99989 0.00000 0.92484 0.99385 0.91715 0.94260 0.99974 0.99962 0.96369 0.99686 0.97790 0.99595 0.86242 0.99928 0.98748 0.97579 0.97623 0.99967
0.99621 0.99158 0.98871 0.97467 0.99768 0.99758 0.99004 0.99783 0.99583 0.98531 0.99146 0.98700 0.98849 0.99027 0.99408 0.98413 0.99184 0.92484 0.00000 0.94525 0.81412 0.94462 0.95502 0.96401 0.98137 0.87305 0.96202 0.75592 0.86603 0.94017 0.92901 0.98095 0.93709 0.98815
0.99947 0.99839 0.99710 0.99874 0.99944 0.99941 0.99980 0.99943 0.99870 0.99639 0.99833 0.99876 0.99618 0.99791 0.99853 0.99694 0.99845 0.99385 0.94525 0.00000 0.88317 0.99324 0.96169 0.99218 0.99796 0.98547 0.99333 0.99664 0.97603 0.98964 0.96498 0.99805 0.99053 0.99718
0.99505 0.98368 0.97798 0.98164 0.99479 0.99339 0.99709 0.99381 0.99063 0.95634 0.98198 0.98735 0.96097 0.98415 0.98922 0.97884 0.98501 0.91715 0.81412 0.88317 0.00000 0.92395 0.87641 0.96698 0.94420 0.92638 0.95603 0.93446 0.89452 0.83068 0.87658 0.94510 0.82933 0.98334
0.99876 0.98970 0.99463 0.98077 0.99930 0.99947 0.99985 0.99945 0.99732 0.99776 0.98973 0.99175 0.99528 0.99616 0.99748 0.99579 0.99736 0.94260 0.94462 0.99324 0.92395 0.00000 0.98484 0.98983 0.21539 0.97631 0.99093 0.97671 0.94874 0.98148 0.97846 0.21763 0.98609 0.99355
0.99929 0.99750 0.99593 0.99173 0.99955 0.99952 0.99989 0.99909 0.99673 0.99741 0.99764 0.99891 0.99698 0.99728 0.99848 0.99751 0.99815 0.99974 0.95502 0.96169 0.87641 0.98484 0.00000 0.98939 0.99714 0.96741 0.99256 0.98927 0.95846 0.85916 0.96095 0.99721 0.99818 0.99642
0.99899 0.99728 0.99589 0.99461 0.99890 0.99904 0.99980 0.99912 0.99808 0.99713 0.99728 0.99552 0.99696 0.99690 0.99768 0.98902 0.99456 0.99962 0.96401 0.99218 0.96698 0.98983 0.98939 0.00000 0.99692 0.96046 0.98004 0.98872 0.95159 0.99086 0.98322 0.99692 0.99684 0.99559
0.99942 0.98794 0.99497 0.99818 0.99959 0.99981 0.99993 0.99970 0.99926 0.99948 0.98714 0.99156 0.99922 0.99719 0.99865 0.99845 0.99857 0.96369 0.98137 0.99796 0.94420 0.21539 0.99714 0.99692 0.00000 0.99290 0.99745 0.98060 0.98484 0.98548 0.99019 0.01339 0.98912 0.99425
0.99813 0.99524 0.99285 0.98377 0.99869 0.99910 0.99892 0.99903 0.99151 0.99504 0.98671 0.99537 0.99351 0.99455 0.99638 0.99265 0.99166 0.99686 0.87305 0.98547 0.92638 0.97631 0.96741 0.96046 0.99290 0.00000 0.97997 0.96682 0.93768 0.97395 0.96218 0.99278 0.99491 0.99246
0.99790 0.99739 0.99625 0.98653 0.99970 0.99967 0.99777 0.99962 0.99887 0.99901 0.99907 0.99911 0.99763 0.99667 0.99700 0.99003 0.99894 0.97790 0.96202 0.99333 0.95603 0.99093 0.99256 0.98004 0.99745 0.97997 0.00000 0.99511 0.94304 0.99392 0.98659 0.99766 0.99702 0.99567
0.99925 0.99835 0.99826 0.99613 0.99994 0.99956 0.99755 0.99984 0.99977 0.99945 0.99904 0.99748 0.99915 0.99737 0.99919 0.99711 0.99850 0.99595 0.75592 0.99664 0.93446 0.97671 0.98927 0.98872 0.98060 0.96682 0.99511 0.00000 0.96885 0.98738 0.98816 0.97575 0.99312 0.99677
0.99756 0.99116 0.98843 0.95042 0.99882 0.99830 0.99819 0.99826 0.99668 0.99251 0.99577 0.97888 0.98683 0.99076 0.99316 0.91773 0.99232 0.86242 0.86603 0.97603 0.89452 0.94874 0.95846 0.95159 0.98484 0.93768 0.94304 0.96885 0.00000 0.96937 0.95820 0.98623 0.98642 0.98685
0.99902 0.99599 0.99460 0.99395 0.99922 0.99896 0.99981 0.99929 0.99781 0.99404 0.99549 0.99693 0.99552 0.99569 0.99758 0.99650 0.99717 0.99928 0.94017 0.98964 0.83068 0.98148 0.85916 0.99086 0.98548 0.97395 0.99392 0.98738 0.96937 0.00000 0.96606 0.98525 0.96344 0.99514
0.99787 0.99358 0.98890 0.99253 0.99736 0.99779 0.99853 0.99752 0.99452 0.99057 0.99023 0.99493 0.99273 0.99126 0.99286 0.98901 0.99374 0.98748 0.92901 0.96498 0.87658 0.97846 0.96095 0.98322 0.99019 0.96218 0.98659 0.98816 0.95820 0.96606 0.00000 0.99038 0.98994 0.99103
0.99871 0.98794 0.99528 0.99815 0.99957 0.99980 0.99992 0.99969 0.99924 0.99944 0.98709 0.99158 0.99920 0.99732 0.99857 0.99860 0.99793 0.97579 0.98095 0.99805 0.94510 0.21763 0.99721 0.99692 0.01339 0.99278 0.99766 0.97575 0.98623 0.98525 0.99038 0.00000 0.98945 0.99396
0.99978 0.99762 0.99792 0.99646 0.99995 0.99983 0.99997 0.99990 0.99964 0.99826 0.99836 0.99658 0.99854 0.99933 0.99947 0.99800 0.99936 0.97623 0.93709 0.99053 0.82933 0.98609 0.99818 0.99684 0.98912 0.99491 0.99702 0.99312 0.98642 0.96344 0.98994 0.98945 0.00000 0.99794
0.99381 0.94011 0.94124 0.97084 0.97531 0.96925 0.92415 0.96972 0.99155 0.98944 0.97437 0.99589 0.99687 0.88255 0.91741 0.91433 0.85549 0.99967 0.98815 0.99718 0.98334 0.99355 0.99642 0.99559 0.99425 0.99246 0.99567 0.99677 0.98685 0.99514 0.99103 0.99396 0.99794 0.00000
