0.00000 1.00000 0.99999 0.99998 0.99999 0.99999 0.99999 0.99999 0.99999 1.00000 0.88406 0.99988 0.93952
1.00000 0.00000 0.99675 0.99567 0.99620 0.99788 0.99942 0.94549 0.98098 0.99883 0.99858 0.98673 0.99659
0.99999 0.99675 0.00000 0.95935 0.98556 0.96286 0.99326 0.96610 0.98191 0.99528 0.99638 0.94813 0.99533
0.99998 0.99567 0.95935 0.00000 0.99745 0.98184 0.98817 0.99008 0.87621 0.99218 0.99421 0.94787 0.99215
0.99999 0.99620 0.98556 0.99745 0.00000 0.99988 0.99142 0.99196 0.99622 0.99857 0.99541 0.99519 0.99389
0.99999 0.99788 0.96286 0.98184 0.99988 0.00000 0.99337 0.97084 0.99513 0.99865 0.99021 0.97052 0.99234
0.99999 0.99942 0.99326 0.98817 0.99142 0.99337 0.00000 0.99854 0.99957 0.99985 0.99411 0.99460 0.99534
0.99999 0.94549 0.96610 0.99008 0.99196 0.97084 0.99854 0.00000 0.93395 0.99744 0.99718 0.92443 0.99500
0.99999 0.98098 0.98191 0.87621 0.99622 0.99513 0.99957 0.93395 0.00000 0.99063 0.99759 0.92993 0.99476
1.00000 0.99883 0.99528 0.99218 0.99857 0.99865 0.99985 0.99744 0.99063 0.00000 0.99814 0.96017 0.99813
0.88406 0.99858 0.99638 0.99421 0.99541 0.99021 0.99411 0.99718 0.99759 0.99814 0.00000 0.98884 0.98274
0.99988 0.98673 0.94813 0.94787 0.99519 0.97052 0.99460 0.92443 0.92993 0.96017 0.98884 0.00000 0.94215
0.93952 0.99659 0.99533 0.99215 0.99389 0.99234 0.99534 0.99500 0.99476 0.99813 0.98274 0.94215 0.00000
