0.00000 1.00000 0.99996 0.99998 0.99998 0.99999 1.00000 1.00000 0.99995 0.99996 0.99870 0.98008 0.97184 0.99543 0.99415
1.00000 0.00000 0.99223 0.99663 0.98625 0.97801 0.99866 0.99952 0.96773 0.98956 0.99589 0.99923 0.99575 0.99910 0.99872
0.99996 0.99223 0.00000 0.94337 0.96644 0.99293 0.94897 0.88423 0.96967 0.98011 0.97566 0.99425 0.97650 0.99582 0.99215
0.99998 0.99663 0.94337 0.00000 0.99199 0.99468 0.98884 0.99416 0.99157 0.87635 0.98626 0.99541 0.98311 0.99754 0.99620
0.99998 0.98625 0.96644 0.99199 0.00000 0.99374 0.99982 0.96954 0.99379 0.99538 0.98810 0.99930 0.99316 0.98361 0.98689
0.99999 0.97801 0.99293 0.99468 0.99374 0.00000 0.99564 0.99894 0.97420 0.98507 0.99378 0.99819 0.99202 0.99825 0.99744
1.00000 0.99866 0.94897 0.98884 0.99982 0.99564 0.00000 0.99587 0.97995 0.99684 0.99499 0.99633 0.99399 0.99899 0.99923
1.00000 0.99952 0.88423 0.99416 0.96954 0.99894 0.99587 0.00000 0.99853 0.99944 0.99792 0.99725 0.99901 0.99803 0.99874
0.99995 0.96773 0.96967 0.99157 0.99379 0.97420 0.97995 0.99853 0.00000 0.94904 0.97281 0.98175 0.96168 0.99636 0.99870
0.99996 0.98956 0.98011 0.87635 0.99538 0.98507 0.99684 0.99944 0.94904 0.00000 0.97973 0.99760 0.96260 0.99779 0.99898
0.99870 0.99589 0.97566 0.98626 0.98810 0.99378 0.99499 0.99792 0.97281 0.97973 0.00000 0.81382 0.94906 0.95559 0.99320
0.98008 0.99923 0.99425 0.99541 0.99930 0.99819 0.99633 0.99725 0.98175 0.99760 0.81382 0.00000 0.95682 0.99160 0.99878
0.97184 0.99575 0.97650 0.98311 0.99316 0.99202 0.99399 0.99901 0.96168 0.96260 0.94906 0.95682 0.00000 0.99378 0.99758
0.99543 0.99910 0.99582 0.99754 0.98361 0.99825 0.99899 0.99803 0.99636 0.99779 0.95559 0.99160 0.99378 0.00000 0.98134
0.99415 0.99872 0.99215 0.99620 0.98689 0.99744 0.99923 0.99874 0.99870 0.99898 0.99320 0.99878 0.99758 0.98134 0.00000
