0.00000 0.99386 0.99446 0.99014 0.98760 0.99954 0.99440 0.99758 0.98610 0.99902 0.99707 0.99952 0.97029 0.99328 0.98234 0.99778 0.99704 0.99472 0.99038 0.99639 0.99947 0.99963
0.99386 0.00000 0.92840 0.96878 0.97236 0.99495 0.97732 0.98359 0.99197 0.97416 0.99131 0.91102 0.96806 0.95498 0.93110 0.98028 0.98241 0.98813 0.95078 0.98137 0.98878 0.97186
0.99446 0.92840 0.00000 0.98200 0.99395 0.99276 0.99635 0.98790 0.99184 0.99409 0.99441 0.99269 0.98957 0.97636 0.96912 0.98293 0.98508 0.98009 0.96411 0.98455 0.99658 0.99135
0.99014 0.96878 0.98200 0.00000 0.99987 0.99993 0.99956 0.99873 0.99642 0.99986 0.99381 0.96154 0.99277 0.98818 0.97933 0.99439 0.96883 0.99960 0.96269 0.99315 0.99614 0.98843
0.98760 0.97236 0.99395 0.99987 0.00000 0.99918 0.99973 0.99906 0.97736 0.99847 0.99655 0.99996 0.96886 0.97803 0.91526 0.99709 0.99809 0.99992 0.97944 0.99482 0.99822 0.99973
0.99954 0.99495 0.99276 0.99993 0.99918 0.00000 0.98377 0.99787 0.99872 0.99895 0.99913 0.99938 0.99672 0.99517 0.98428 0.99416 0.99801 0.99497 0.96826 0.99710 0.99789 0.99907
0.99440 0.97732 0.99635 0.99956 0.99973 0.98377 0.00000 0.99255 0.99963 0.99971 0.99408 0.99986 0.90200 0.94931 0.90906 0.98768 0.99577 0.92133 0.97321 0.99883 0.99537 0.99974
0.99758 0.98359 0.98790 0.99873 0.99906 0.99787 0.99255 0.00000 0.99824 0.97635 0.99896 0.99980 0.98296 0.97842 0.96544 0.99471 0.99786 0.99712 0.98314 0.99635 0.99798 0.99935
0.98610 0.99197 0.99184 0.99642 0.97736 0.99872 0.99963 0.99824 0.00000 0.99670 0.99586 0.99918 0.97809 0.99019 0.98582 0.99522 0.99639 0.99900 0.98637 0.99342 0.99926 0.99928
0.99902 0.97416 0.99409 0.99986 0.99847 0.99895 0.99971 0.97635 0.99670 0.00000 0.99852 0.99868 0.98790 0.98918 0.97830 0.98686 0.99777 0.99822 0.99027 0.99390 0.99322 0.99885
0.99707 0.99131 0.99441 0.99381 0.99655 0.99913 0.99408 0.99896 0.99586 0.99852 0.00000 0.99940 0.99355 0.99562 0.98384 0.99561 0.99470 0.99464 0.98322 0.98810 0.99937 0.99867
0.99952 0.91102 0.99269 0.96154 0.99996 0.99938 0.99986 0.99980 0.99918 0.99868 0.99940 0.00000 0.99876 0.99859 0.98109 0.99901 0.99732 0.99915 0.99320 0.99865 0.99961 0.99921
0.97029 0.96806 0.98957 0.99277 0.96886 0.99672 0.90200 0.98296 0.97809 0.98790 0.99355 0.99876 0.00000 0.84038 0.90366 0.98257 0.99243 0.99338 0.96325 0.98735 0.98137 0.99745
0.99328 0.95498 0.97636 0.98818 0.97803 0.99517 0.94931 0.97842 0.99019 0.98918 0.99562 0.99859 0.84038 0.00000 0.88030 0.98345 0.99364 0.99658 0.95889 0.98924 0.97725 0.99768
0.98234 0.93110 0.96912 0.97933 0.91526 0.98428 0.90906 0.96544 0.98582 0.97830 0.98384 0.98109 0.90366 0.88030 0.00000 0.96120 0.97806 0.98042 0.90742 0.96454 0.96169 0.95799
0.99778 0.98028 0.98293 0.99439 0.99709 0.99416 0.98768 0.99471 0.99522 0.98686 0.99561 0.99901 0.98257 0.98345 0.96120 0.00000 0.99108 0.97777 0.91788 0.98599 0.98592 0.99363
0.99704 0.98241 0.98508 0.96883 0.99809 0.99801 0.99577 0.99786 0.99639 0.99777 0.99470 0.99732 0.99243 0.99364 0.97806 0.99108 0.00000 0.98932 0.96359 0.97811 0.99816 0.99703
0.99472 0.98813 0.98009 0.99960 0.99992 0.99497 0.92133 0.99712 0.99900 0.99822 0.99464 0.99915 0.99338 0.99658 0.98042 0.97777 0.98932 0.00000 0.96134 0.99605 0.99837 0.99426
0.99038 0.95078 0.96411 0.96269 0.97944 0.96826 0.97321 0.98314 0.98637 0.99027 0.98322 0.99320 0.96325 0.95889 0.90742 0.91788 0.96359 0.96134 0.00000 0.92857 0.96405 0.98164
0.99639 0.98137 0.98455 0.99315 0.99482 0.99710 0.99883 0.99635 0.99342 0.99390 0.98810 0.99865 0.98735 0.98924 0.96454 0.98599 0.97811 0.99605 0.92857 0.00000 0.99850 0.99856
0.99947 0.98878 0.99658 0.99614 0.99822 0.99789 0.99537 0.99798 0.99926 0.99322 0.99937 0.99961 0.98137 0.97725 0.96169 0.98592 0.99816 0.99837 0.96405 0.99850 0.00000 0.99421
0.99963 0.97186 0.99135 0.98843 0.99973 0.99907 0.99974 0.99935 0.99928 0.99885 0.99867 0.99921 0.99745 0.99768 0.95799 0.99363 0.99703 0.99426 0.98164 0.99856 0.99421 0.00000
