0.00000 1.00000 0.99999 0.99999 0.99999 1.00000 1.00000 0.99993 1.00000 1.00000 1.00000 0.99999 1.00000 1.00000 0.99998 0.99998 0.99999 0.99997 0.99998 1.00000 1.00000 0.83668
1.00000 0.00000 0.99515 0.99433 0.98713 0.98917 0.99976 0.99585 0.99696 0.98739 0.99906 0.99828 0.99708 0.99871 0.96917 0.99309 0.99881 0.99407 0.99172 0.99964 0.99816 0.99873
0.99999 0.99515 0.00000 0.93495 0.96736 0.98748 0.99450 0.98696 0.98487 0.99470 0.97773 0.98483 0.99439 0.93906 0.97686 0.96557 0.95881 0.96684 0.96483 0.98586 0.98261 0.99362
0.99999 0.99433 0.93495 0.00000 0.97630 0.99574 0.98470 0.99515 0.98478 0.99206 0.98681 0.97551 0.99352 0.98999 0.98857 0.97505 0.99130 0.97858 0.98098 0.99852 0.96769 0.99298
0.99999 0.98713 0.96736 0.97630 0.00000 0.99979 0.99993 0.99953 0.99830 0.99544 0.99282 0.99938 0.99188 0.94976 0.99033 0.98499 0.99654 0.98802 0.98228 0.99973 0.98670 0.99616
1.00000 0.98917 0.98748 0.99574 0.99979 0.00000 0.99960 0.99958 0.99945 0.98206 0.99917 0.99757 0.99753 0.99920 0.97115 0.97780 0.98266 0.95629 0.90342 0.99919 0.98330 0.99916
1.00000 0.99976 0.99450 0.98470 0.99993 0.99960 0.00000 0.97756 0.99676 0.99923 0.99884 0.99520 0.99932 0.99895 0.99615 0.99237 0.99418 0.98018 0.98721 0.99959 0.99440 0.99657
0.99993 0.99585 0.98696 0.99515 0.99953 0.99958 0.97756 0.00000 0.99436 0.99975 0.99972 0.99951 0.99056 0.99977 0.92688 0.95902 0.98240 0.83825 0.96467 0.97406 0.98805 0.96171
1.00000 0.99696 0.98487 0.98478 0.99830 0.99945 0.99676 0.99436 0.00000 0.99880 0.97446 0.99714 0.99934 0.99908 0.98581 0.98079 0.99389 0.98128 0.98354 0.99596 0.99370 0.99827
1.00000 0.98739 0.99470 0.99206 0.99544 0.98206 0.99923 0.99975 0.99880 0.00000 0.99735 0.99536 0.99684 0.99748 0.97860 0.99054 0.99770 0.99505 0.99350 0.99927 0.99783 0.99872
1.00000 0.99906 0.97773 0.98681 0.99282 0.99917 0.99884 0.99972 0.97446 0.99735 0.00000 0.99576 0.99819 0.99341 0.98839 0.98862 0.99801 0.98928 0.97987 0.99950 0.99858 0.99881
0.99999 0.99828 0.98483 0.97551 0.99938 0.99757 0.99520 0.99951 0.99714 0.99536 0.99576 0.00000 0.99415 0.99721 0.98738 0.98714 0.99219 0.98823 0.98419 0.99894 0.99281 0.98997
1.00000 0.99708 0.99439 0.99352 0.99188 0.99753 0.99932 0.99056 0.99934 0.99684 0.99819 0.99415 0.00000 0.99814 0.99411 0.99424 0.99782 0.98637 0.99426 0.99953 0.99777 0.99700
1.00000 0.99871 0.93906 0.98999 0.94976 0.99920 0.99895 0.99977 0.99908 0.99748 0.99341 0.99721 0.99814 0.00000 0.99647 0.99601 0.99785 0.99431 0.99475 0.99757 0.99835 0.99755
0.99998 0.96917 0.97686 0.98857 0.99033 0.97115 0.99615 0.92688 0.98581 0.97860 0.98839 0.98738 0.99411 0.99647 0.00000 0.85406 0.97462 0.92993 0.93357 0.97475 0.97666 0.99096
0.99998 0.99309 0.96557 0.97505 0.98499 0.97780 0.99237 0.95902 0.98079 0.99054 0.98862 0.98714 0.99424 0.99601 0.85406 0.00000 0.96581 0.92956 0.91442 0.96747 0.95135 0.98937
0.99999 0.99881 0.95881 0.99130 0.99654 0.98266 0.99418 0.98240 0.99389 0.99770 0.99801 0.99219 0.99782 0.99785 0.97462 0.96581 0.00000 0.87573 0.69021 0.89115 0.98622 0.99490
0.99997 0.99407 0.96684 0.97858 0.98802 0.95629 0.98018 0.83825 0.98128 0.99505 0.98928 0.98823 0.98637 0.99431 0.92993 0.92956 0.87573 0.00000 0.78891 0.91386 0.93486 0.98650
0.99998 0.99172 0.96483 0.98098 0.98228 0.90342 0.98721 0.96467 0.98354 0.99350 0.97987 0.98419 0.99426 0.99475 0.93357 0.91442 0.69021 0.78891 0.00000 0.95978 0.94068 0.98953
1.00000 0.99964 0.98586 0.99852 0.99973 0.99919 0.99959 0.97406 0.99596 0.99927 0.99950 0.99894 0.99953 0.99757 0.97475 0.96747 0.89115 0.91386 0.95978 0.00000 0.99259 0.99840
1.00000 0.99816 0.98261 0.96769 0.98670 0.98330 0.99440 0.98805 0.99370 0.99783 0.99858 0.99281 0.99777 0.99835 0.97666 0.95135 0.98622 0.93486 0.94068 0.99259 0.00000 0.99580
0.83668 0.99873 0.99362 0.99298 0.99616 0.99916 0.99657 0.96171 0.99827 0.99872 0.99881 0.98997 0.99700 0.99755 0.99096 0.98937 0.99490 0.98650 0.98953 0.99840 0.99580 0.00000
