0.00000 0.99317 0.99252 0.98766 0.97670 0.99823 0.99955 0.95094 0.99037 0.99960 1.00011 0.99863 0.99369 0.99999 0.99317 0.96940 0.99824 0.99887
0.99317 0.00000 0.94199 0.98096 0.98969 0.96999 0.93638 0.97036 0.96576 0.98545 0.80982 0.99193 0.96630 0.99732 0.97428 0.93276 0.98906 0.98611
0.99252 0.94199 0.00000 0.98742 0.98604 0.99155 0.99373 0.98349 0.97737 0.99239 0.82524 0.99106 0.92965 0.99954 0.98275 0.92275 0.98981 0.98628
0.98766 0.98096 0.98742 0.00000 0.99667 0.99988 0.97023 0.99520 0.99130 0.99196 1.51694 0.98221 0.97395 0.99776 0.97784 0.93621 0.99672 0.99594
0.97670 0.98969 0.98604 0.99667 0.00000 0.99314 0.99909 0.96158 0.98504 0.99886 0.99556 0.97771 0.98724 0.99989 0.98831 0.95933 0.99540 0.99754
0.99823 0.96999 0.99155 0.99988 0.99314 0.00000 0.99853 0.97684 0.98372 0.99950 0.97100 0.99857 0.99345 0.99965 0.99170 0.95989 0.99737 0.99892
0.99955 0.93638 0.99373 0.97023 0.99909 0.99853 0.00000 0.99890 0.99902 0.99784 0.99933 0.99736 0.99515 0.99969 0.98903 0.97483 0.99623 0.99982
0.95094 0.97036 0.98349 0.99520 0.96158 0.97684 0.99890 0.00000 0.86211 0.90141 0.85384 0.98673 0.97184 0.99726 0.90849 0.91931 0.98821 0.99324
0.99037 0.96576 0.97737 0.99130 0.98504 0.98372 0.99902 0.86211 0.00000 0.95953 0.73044 0.98672 0.94702 0.99960 0.95380 0.92127 0.99189 0.99292
0.99960 0.98545 0.99239 0.99196 0.99886 0.99950 0.99784 0.90141 0.95953 0.00000 0.43885 0.98651 0.97697 0.99114 0.57173 0.89233 0.98286 0.99227
1.00011 0.80982 0.82524 1.51694 0.99556 0.97100 0.99933 0.85384 0.73044 0.43885 0.00000 0.73876 0.54332 1.00017 0.92231 0.87764 1.01585 1.00053
0.99863 0.99193 0.99106 0.98221 0.97771 0.99857 0.99736 0.98673 0.98672 0.98651 0.73876 0.00000 0.97809 0.99929 0.97745 0.90496 0.98918 0.98281
0.99369 0.96630 0.92965 0.97395 0.98724 0.99345 0.99515 0.97184 0.94702 0.97697 0.54332 0.97809 0.00000 0.99837 0.96917 0.87828 0.98066 0.96891
0.99999 0.99732 0.99954 0.99776 0.99989 0.99965 0.99969 0.99726 0.99960 0.99114 1.00017 0.99929 0.99837 0.00000 0.97683 0.83031 0.99408 0.99993
0.99317 0.97428 0.98275 0.97784 0.98831 0.99170 0.98903 0.90849 0.95380 0.57173 0.92231 0.97745 0.96917 0.97683 0.00000 0.81499 0.96070 0.98705
0.96940 0.93276 0.92275 0.93621 0.95933 0.95989 0.97483 0.91931 0.92127 0.89233 0.87764 0.90496 0.87828 0.83031 0.81499 0.00000 0.87770 0.85356
0.99824 0.98906 0.98981 0.99672 0.99540 0.99737 0.99623 0.98821 0.99189 0.98286 1.01585 0.98918 0.98066 0.99408 0.96070 0.87770 0.00000 0.99540
0.99887 0.98611 0.98628 0.99594 0.99754 0.99892 0.99982 0.99324 0.99292 0.99227 1.00053 0.98281 0.96891 0.99993 0.98705 0.85356 0.99540 0.00000
