0.00000 0.99540 0.95307 0.99311 0.99606 0.99422 0.99708 0.99606 0.99670 0.99419 0.97914 0.99811 0.99904 0.97749 0.97895 0.99342 0.97868 0.98499 0.99591 0.99255 0.99854 0.99797 0.99421 0.99612 0.98800 0.99109 0.99723 0.98901 0.99136 0.99635 0.99817 0.99216 0.99964 0.99231 0.99953 0.99933 0.99545 0.99220 0.99851 0.99118 0.99776 0.99144 0.90201 0.99869 0.99243 0.99760 0.99872 0.99697
0.99540 0.00000 0.99550 0.99406 0.99468 0.97996 0.99979 0.99423 0.99767 0.97795 0.99959 0.99696 0.99971 0.94970 0.99057 0.99940 0.99824 0.99926 0.99945 0.99693 0.99975 0.99990 0.99787 0.99941 0.99972 0.99948 0.99708 0.99888 0.99796 0.99930 0.99937 0.99943 0.99982 0.99711 0.99972 0.99896 0.99815 0.99990 0.99960 0.99926 0.99858 0.99407 0.98022 0.99972 0.99732 0.99880 0.99835 0.99331
0.95307 0.99550 0.00000 0.91775 0.98329 0.98570 0.99687 0.98222 0.98327 0.99247 0.97635 0.99460 0.92822 0.97144 0.96384 0.98460 0.96480 0.97392 0.99284 0.97514 0.99807 0.99059 0.98275 0.99361 0.98261 0.98755 0.99271 0.96567 0.97131 0.99187 0.99392 0.97896 0.99909 0.97628 0.99892 0.99825 0.98831 0.98296 0.99700 0.98060 0.98050 0.97649 0.77341 0.99867 0.98524 0.99004 0.99547 0.99188
0.99311 0.99406 0.91775 0.00000 0.98716 0.99278 0.99417 0.99552 0.98720 0.98983 0.99533 0.99618 0.99146 0.98766 0.97861 0.99570 0.96098 0.99581 0.99316 0.98948 0.99680 0.99361 0.98665 0.98875 0.99704 0.99540 0.99285 0.99369 0.95797 0.99592 0.99502 0.99642 0.99919 0.97588 0.99753 0.99698 0.98581 0.99570 0.99601 0.99229 0.99072 0.99085 0.79126 0.99855 0.98899 0.99280 0.99605 0.99106
0.99606 0.99468 0.98329 0.98716 0.00000 0.99989 0.99989 0.99954 0.99922 0.99826 0.99933 0.99668 0.97343 0.99409 0.99231 0.99632 0.95320 0.99849 0.99696 0.99415 0.99836 0.99685 0.99521 0.99283 0.99935 0.99845 0.96074 0.99243 0.98000 0.99911 0.99956 0.99467 0.99665 0.97899 0.99528 0.99231 0.99408 0.99271 0.99688 0.99801 0.99157 0.99820 0.92551 0.99991 0.98774 0.98244 0.98637 0.96917
0.99422 0.97996 0.98570 0.99278 0.99989 0.00000 0.99959 0.99964 0.99956 0.96345 0.99937 0.99587 0.99996 0.94429 0.97828 0.99946 0.99900 0.99487 0.99903 0.95192 0.99965 0.99986 0.98392 0.99932 0.99801 0.99922 0.99916 0.99491 0.99873 0.99676 0.98665 0.98987 0.99994 0.99925 0.99974 0.99991 0.99781 0.99984 0.99990 0.99249 0.99836 0.98063 0.95141 0.99969 0.97780 0.99995 0.99985 0.99973
0.99708 0.99979 0.99687 0.99417 0.99989 0.99959 0.00000 0.98327 0.99835 0.99941 0.99943 0.99955 0.99971 0.99711 0.99593 0.99934 0.99920 0.99700 0.99906 0.99343 0.99903 0.99756 0.99635 0.99167 0.99694 0.99892 0.99926 0.99898 0.98177 0.99811 0.99869 0.99910 0.99994 0.96936 0.99979 0.99985 0.99657 0.99497 0.99874 0.99523 0.99928 0.99539 0.95788 0.99983 0.99138 0.99949 0.99983 0.99906
0.99606 0.99423 0.98222 0.99552 0.99954 0.99964 0.98327 0.00000 0.99592 0.99959 0.99975 0.99467 0.99978 0.88591 0.96531 0.99194 0.99781 0.98237 0.99486 0.99113 0.99991 0.99969 0.99681 0.99932 0.96565 0.98883 0.99819 0.98213 0.98620 0.99693 0.99938 0.98840 0.99980 0.98832 0.99995 0.99990 0.99578 0.99096 0.99958 0.88814 0.99501 0.98763 0.82329 0.99024 0.98567 0.99974 0.99950 0.98728
0.99670 0.99767 0.98327 0.98720 0.99922 0.99956 0.99835 0.99592 0.00000 0.99872 0.97035 0.99946 0.99980 0.98489 0.98410 0.99724 0.99466 0.99142 0.99774 0.99571 0.99970 0.99950 0.99683 0.99736 0.99648 0.99535 0.99918 0.98946 0.97121 0.99895 0.99907 0.99491 0.99993 0.99399 0.99983 0.99987 0.99752 0.99629 0.99950 0.99437 0.99893 0.98988 0.93563 0.99978 0.99540 0.99960 0.99921 0.99903
0.99419 0.97795 0.99247 0.98983 0.99826 0.96345 0.99941 0.99959 0.99872 0.00000 0.99769 0.99571 0.99926 0.95940 0.98705 0.99893 0.99485 0.99851 0.99891 0.99567 0.99932 0.99921 0.99463 0.99761 0.99970 0.99875 0.99868 0.99876 0.99635 0.99873 0.99866 0.99859 0.99978 0.99732 0.99816 0.99660 0.99722 0.99944 0.99746 0.99859 0.99806 0.99636 0.97900 0.99953 0.99006 0.99906 0.99568 0.99196
0.97914 0.99959 0.97635 0.99533 0.99933 0.99937 0.99943 0.99975 0.97035 0.99769 0.00000 0.99939 0.99873 0.98518 0.98877 0.98818 0.90938 0.99388 0.99927 0.99733 0.99935 0.99454 0.99544 0.99954 0.99978 0.99144 0.99837 0.99898 0.99821 0.99920 0.99916 0.99919 0.99995 0.99807 0.99923 0.99932 0.99749 0.99953 0.99244 0.99877 0.99809 0.99731 0.93338 0.99941 0.99003 0.99983 0.99955 0.99652
0.99811 0.99696 0.99460 0.99618 0.99668 0.99587 0.99955 0.99467 0.99946 0.99571 0.99939 0.00000 0.99958 0.99283 0.99680 0.99912 0.99840 0.99888 0.99881 0.98716 0.99885 0.99723 0.98792 0.99718 0.99893 0.99907 0.97666 0.99262 0.99632 0.99636 0.99909 0.99854 0.99842 0.99640 0.99591 0.99904 0.99650 0.99967 0.99935 0.99882 0.98463 0.98963 0.97248 0.99876 0.99274 0.99804 0.99696 0.99733
0.99904 0.99971 0.92822 0.99146 0.97343 0.99996 0.99971 0.99978 0.99980 0.99926 0.99873 0.99958 0.00000 0.99852 0.99853 0.97280 0.99843 0.99951 0.99866 0.99598 0.99707 0.98272 0.99753 0.99782 0.99980 0.99930 0.99682 0.99929 0.99616 0.99975 0.99975 0.99939 0.99968 0.99562 0.99823 0.99808 0.96627 0.99872 0.99797 0.99942 0.99836 0.99923 0.92914 0.99979 0.99639 0.99660 0.99752 0.99481
0.97749 0.94970 0.97144 0.98766 0.99409 0.94429 0.99711 0.88591 0.98489 0.95940 0.98518 0.99283 0.99852 0.00000 0.83783 0.96720 0.99087 0.93789 0.97824 0.96421 0.99792 0.99713 0.98661 0.99496 0.96724 0.96062 0.99519 0.96875 0.98908 0.99067 0.97727 0.94981 0.99872 0.99167 0.99897 0.99891 0.98647 0.96169 0.99873 0.94376 0.99474 0.95483 0.82851 0.99472 0.96864 0.99814 0.99804 0.99555
0.97895 0.99057 0.96384 0.97861 0.99231 0.97828 0.99593 0.96531 0.98410 0.98705 0.98877 0.99680 0.99853 0.83783 0.00000 0.96627 0.99002 0.93297 0.96866 0.96705 0.99837 0.99753 0.98533 0.99267 0.96271 0.95550 0.99721 0.96540 0.98926 0.98984 0.98403 0.90523 0.99827 0.99265 0.99924 0.99909 0.98759 0.96359 0.99893 0.96644 0.99624 0.94646 0.84805 0.99672 0.97115 0.99852 0.99849 0.99738
0.99342 0.99940 0.98460 0.99570 0.99632 0.99946 0.99934 0.99194 0.99724 0.99893 0.98818 0.99912 0.97280 0.96720 0.96627 0.00000 0.98815 0.98342 0.99139 0.99191 0.99906 0.99804 0.99496 0.99819 0.99318 0.97266 0.99843 0.99244 0.99709 0.99804 0.99645 0.98911 0.99968 0.99132 0.99969 0.99959 0.99587 0.90750 0.99923 0.98566 0.99806 0.98594 0.90772 0.99901 0.99272 0.99833 0.99907 0.99860
0.97868 0.99824 0.96480 0.96098 0.95320 0.99900 0.99920 0.99781 0.99466 0.99485 0.90938 0.99840 0.99843 0.99087 0.99002 0.98815 0.00000 0.99090 0.99792 0.99449 0.99770 0.99632 0.99235 0.99693 0.99952 0.99304 0.99672 0.99765 0.98348 0.99810 0.99745 0.99756 0.99950 0.98010 0.99807 0.99546 0.99348 0.99865 0.84062 0.99647 0.99778 0.99621 0.78909 0.99901 0.98816 0.99697 0.99350 0.91735
0.98499 0.99926 0.97392 0.99581 0.99849 0.99487 0.99700 0.98237 0.99142 0.99851 0.99388 0.99888 0.99951 0.93789 0.93297 0.98342 0.99090 0.00000 0.98777 0.97682 0.99911 0.99233 0.98948 0.99637 0.97949 0.97757 0.99884 0.97496 0.99096 0.99138 0.98688 0.96868 0.99599 0.99258 0.99919 0.99968 0.99206 0.98468 0.99940 0.98188 0.99789 0.96162 0.87149 0.99589 0.97674 0.99933 0.99948 0.99896
0.99591 0.99945 0.99284 0.99316 0.99696 0.99903 0.99906 0.99486 0.99774 0.99891 0.99927 0.99881 0.99866 0.97824 0.96866 0.99139 0.99792 0.98777 0.00000 0.98918 0.99874 0.99580 0.99347 0.99704 0.99452 0.99201 0.99811 0.99309 0.99580 0.99656 0.99360 0.99053 0.96066 0.99627 0.99955 0.99968 0.99357 0.96268 0.99969 0.99092 0.99823 0.98538 0.92306 0.99792 0.96003 0.99912 0.99917 0.99857
0.99255 0.99693 0.97514 0.98948 0.99415 0.95192 0.99343 0.99113 0.99571 0.99567 0.99733 0.98716 0.99598 0.96421 0.96705 0.99191 0.99449 0.97682 0.98918 0.00000 0.99714 0.98986 0.95904 0.96981 0.96653 0.98622 0.99236 0.97369 0.98594 0.93421 0.95309 0.97682 0.99715 0.98646 0.99818 0.99783 0.97178 0.98354 0.99867 0.97157 0.96143 0.93417 0.81829 0.99620 0.90441 0.99794 0.99715 0.99634
0.99854 0.99975 0.99807 0.99680 0.99836 0.99965 0.99903 0.99991 0.99970 0.99932 0.99935 0.99885 0.99707 0.99792 0.99837 0.99906 0.99770 0.99911 0.99874 0.99714 0.00000 0.92214 0.96908 0.98638 0.99969 0.99903 0.99613 0.99884 0.99456 0.99875 0.99869 0.99899 0.99954 0.99561 0.99919 0.99904 0.99675 0.99615 0.99481 0.99869 0.99683 0.99778 0.98056 0.99894 0.99371 0.99327 0.99825 0.99620
0.99797 0.99990 0.99059 0.99361 0.99685 0.99986 0.99756 0.99969 0.99950 0.99921 0.99454 0.99723 0.98272 0.99713 0.99753 0.99804 0.99632 0.99233 0.99580 0.98986 0.92214 0.00000 0.91143 0.99023 0.99965 0.99870 0.99306 0.99767 0.99760 0.99960 0.97945 0.99849 0.99935 0.99106 0.99852 0.99706 0.96223 0.99233 0.98655 0.99759 0.99786 0.99848 0.95344 0.99906 0.96620 0.99098 0.99739 0.99228
0.99421 0.99787 0.98275 0.98665 0.99521 0.98392 0.99635 0.99681 0.99683 0.99463 0.99544 0.98792 0.99753 0.98661 0.98533 0.99496 0.99235 0.98948 0.99347 0.95904 0.96908 0.91143 0.00000 0.67470 0.99370 0.99392 0.99400 0.97159 0.97814 0.98527 0.97826 0.98984 0.99669 0.98280 0.99363 0.99471 0.97637 0.99583 0.99494 0.99088 0.95699 0.96753 0.90306 0.99682 0.97292 0.99334 0.99386 0.98957
0.99612 0.99941 0.99361 0.98875 0.99283 0.99932 0.99167 0.99932 0.99736 0.99761 0.99954 0.99718 0.99782 0.99496 0.99267 0.99819 0.99693 0.99637 0.99704 0.96981 0.98638 0.99023 0.67470 0.00000 0.99521 0.99780 0.99617 0.99765 0.95824 0.99665 0.99524 0.99698 0.99318 0.97111 0.99827 0.99586 0.99312 0.99266 0.99730 0.99318 0.99340 0.99325 0.94600 0.99881 0.98267 0.99102 0.99496 0.99277
0.98800 0.99972 0.98261 0.99704 0.99935 0.99801 0.99694 0.96565 0.99648 0.99970 0.99978 0.99893 0.99980 0.96724 0.96271 0.99318 0.99952 0.97949 0.99452 0.96653 0.99969 0.99965 0.99370 0.99521 0.00000 0.98904 0.99917 0.96483 0.98669 0.99284 0.99696 0.98826 0.99984 0.99441 0.99979 0.99933 0.99605 0.98674 0.99983 0.98701 0.99925 0.98308 0.89795 0.99978 0.98846 0.99974 0.99650 0.99868
0.99109 0.99948 0.98755 0.99540 0.99845 0.99922 0.99892 0.98883 0.99535 0.99875 0.99144 0.99907 0.99930 0.96062 0.95550 0.97266 0.99304 0.97757 0.99201 0.98622 0.99903 0.99870 0.99392 0.99780 0.98904 0.00000 0.99866 0.98879 0.99637 0.99660 0.99607 0.98587 0.99961 0.98977 0.99966 0.99971 0.99260 0.97435 0.99922 0.98600 0.99831 0.98243 0.90069 0.99902 0.98093 0.99957 0.99941 0.99891
0.99723 0.99708 0.99271 0.99285 0.96074 0.99916 0.99926 0.99819 0.99918 0.99868 0.99837 0.97666 0.99682 0.99519 0.99721 0.99843 0.99672 0.99884 0.99811 0.99236 0.99613 0.99306 0.99400 0.99617 0.99917 0.99866 0.00000 0.99573 0.98717 0.99864 0.99890 0.99886 0.99853 0.98621 0.99752 0.98728 0.99724 0.99925 0.99644 0.99761 0.99195 0.99425 0.93752 0.99802 0.99071 0.98076 0.99149 0.97514
0.98901 0.99888 0.96567 0.99369 0.99243 0.99491 0.99898 0.98213 0.98946 0.99876 0.99898 0.99262 0.99929 0.96875 0.96540 0.99244 0.99765 0.97496 0.99309 0.97369 0.99884 0.99767 0.97159 0.99765 0.96483 0.98879 0.99573 0.00000 0.99307 0.99238 0.99566 0.97906 0.99963 0.98386 0.99965 0.99926 0.99476 0.98996 0.99947 0.98836 0.97228 0.97266 0.84004 0.99879 0.98993 0.99660 0.99865 0.99518
0.99136 0.99796 0.97131 0.95797 0.98000 0.99873 0.98177 0.98620 0.97121 0.99635 0.99821 0.99632 0.99616 0.98908 0.98926 0.99709 0.98348 0.99096 0.99580 0.98594 0.99456 0.99760 0.97814 0.95824 0.98669 0.99637 0.98717 0.99307 0.00000 0.99381 0.99074 0.99582 0.99391 0.95004 0.99906 0.99250 0.99316 0.98726 0.99128 0.98547 0.99381 0.98944 0.77616 0.99863 0.96114 0.98928 0.99449 0.94575
0.99635 0.99930 0.99187 0.99592 0.99911 0.99676 0.99811 0.99693 0.99895 0.99873 0.99920 0.99636 0.99975 0.99067 0.98984 0.99804 0.99810 0.99138 0.99656 0.93421 0.99875 0.99960 0.98527 0.99665 0.99284 0.99660 0.99864 0.99238 0.99381 0.00000 0.99331 0.99499 0.99948 0.99729 0.99923 0.99957 0.99079 0.99640 0.99976 0.99490 0.98543 0.76187 0.94206 0.99845 0.96803 0.99978 0.99862 0.99898
0.99817 0.99937 0.99392 0.99502 0.99956 0.98665 0.99869 0.99938 0.99907 0.99866 0.99916 0.99909 0.99975 0.97727 0.98403 0.99645 0.99745 0.98688 0.99360 0.95309 0.99869 0.97945 0.97826 0.99524 0.99696 0.99607 0.99890 0.99566 0.99074 0.99331 0.00000 0.98827 0.99828 0.99687 0.99968 0.99988 0.95786 0.99822 0.99977 0.99463 0.99814 0.97168 0.94660 0.99447 0.91642 0.99947 0.99929 0.99912
0.99216 0.99943 0.97896 0.99642 0.99467 0.98987 0.99910 0.98840 0.99491 0.99859 0.99919 0.99854 0.99939 0.94981 0.90523 0.98911 0.99756 0.96868 0.99053 0.97682 0.99899 0.99849 0.98984 0.99698 0.98826 0.98587 0.99886 0.97906 0.99582 0.99499 0.98827 0.00000 0.99944 0.99440 0.99963 0.99975 0.99028 0.99071 0.99983 0.98711 0.99825 0.97308 0.90596 0.99766 0.98059 0.99971 0.99930 0.99938
0.99964 0.99982 0.99909 0.99919 0.99665 0.99994 0.99994 0.99980 0.99993 0.99978 0.99995 0.99842 0.99968 0.99872 0.99827 0.99968 0.99950 0.99599 0.96066 0.99715 0.99954 0.99935 0.99669 0.99318 0.99984 0.99961 0.99853 0.99963 0.99391 0.99948 0.99828 0.99944 0.00000 0.98111 0.99733 0.99965 0.99801 0.99924 0.99984 0.99945 0.99965 0.99911 0.97797 0.99941 0.47751 0.99851 0.99873 0.99836
0.99231 0.99711 0.97628 0.97588 0.97899 0.99925 0.96936 0.98832 0.99399 0.99732 0.99807 0.99640 0.99562 0.99167 0.99265 0.99132 0.98010 0.99258 0.99627 0.98646 0.99561 0.99106 0.98280 0.97111 0.99441 0.98977 0.98621 0.98386 0.95004 0.99729 0.99687 0.99440 0.98111 0.00000 0.99774 0.99234 0.99469 0.99570 0.94791 0.99284 0.99431 0.99430 0.88020 0.99717 0.97824 0.98496 0.99235 0.96341
0.99953 0.99972 0.99892 0.99753 0.99528 0.99974 0.99979 0.99995 0.99983 0.99816 0.99923 0.99591 0.99823 0.99897 0.99924 0.99969 0.99807 0.99919 0.99955 0.99818 0.99919 0.99852 0.99363 0.99827 0.99979 0.99966 0.99752 0.99965 0.99906 0.99923 0.99968 0.99963 0.99733 0.99774 0.00000 0.99710 0.99691 0.99981 0.99800 0.99967 0.99908 0.99864 0.98420 0.99976 0.99550 0.99581 0.99429 0.99181
0.99933 0.99896 0.99825 0.99698 0.99231 0.99991 0.99985 0.99990 0.99987 0.99660 0.99932 0.99904 0.99808 0.99891 0.99909 0.99959 0.99546 0.99968 0.99968 0.99783 0.99904 0.99706 0.99471 0.99586 0.99933 0.99971 0.98728 0.99926 0.99250 0.99957 0.99988 0.99975 0.99965 0.99234 0.99710 0.00000 0.99916 0.99979 0.99600 0.99907 0.99814 0.99919 0.97818 0.99965 0.99310 0.99039 0.99006 0.98604
0.99545 0.99815 0.98831 0.98581 0.99408 0.99781 0.99657 0.99578 0.99752 0.99722 0.99749 0.99650 0.96627 0.98647 0.98759 0.99587 0.99348 0.99206 0.99357 0.97178 0.99675 0.96223 0.97637 0.99312 0.99605 0.99260 0.99724 0.99476 0.99316 0.99079 0.95786 0.99028 0.99801 0.99469 0.99691 0.99916 0.00000 0.99672 0.99892 0.98670 0.99632 0.98656 0.94785 0.99585 0.96234 0.99804 0.99798 0.99774
0.99220 0.99990 0.98296 0.99570 0.99271 0.99984 0.99497 0.99096 0.99629 0.99944 0.99953 0.99967 0.99872 0.96169 0.96359 0.90750 0.99865 0.98468 0.96268 0.98354 0.99615 0.99233 0.99583 0.99266 0.98674 0.97435 0.99925 0.98996 0.98726 0.99640 0.99822 0.99071 0.99924 0.99570 0.99981 0.99979 0.99672 0.00000 0.99974 0.93483 0.99953 0.98376 0.87224 0.99989 0.99346 0.99966 0.99942 0.99930
0.99851 0.99960 0.99700 0.99601 0.99688 0.99990 0.99874 0.99958 0.99950 0.99746 0.99244 0.99935 0.99797 0.99873 0.99893 0.99923 0.84062 0.99940 0.99969 0.99867 0.99481 0.98655 0.99494 0.99730 0.99983 0.99922 0.99644 0.99947 0.99128 0.99976 0.99977 0.99983 0.99984 0.94791 0.99800 0.99600 0.99892 0.99974 0.00000 0.99933 0.99894 0.99935 0.81304 0.99983 0.99622 0.99479 0.99487 0.57883
0.99118 0.99926 0.98060 0.99229 0.99801 0.99249 0.99523 0.88814 0.99437 0.99859 0.99877 0.99882 0.99942 0.94376 0.96644 0.98566 0.99647 0.98188 0.99092 0.97157 0.99869 0.99759 0.99088 0.99318 0.98701 0.98600 0.99761 0.98836 0.98547 0.99490 0.99463 0.98711 0.99945 0.99284 0.99967 0.99907 0.98670 0.93483 0.99933 0.00000 0.99815 0.98297 0.85563 0.99881 0.97375 0.99865 0.99936 0.99779
0.99776 0.99858 0.98050 0.99072 0.99157 0.99836 0.99928 0.99501 0.99893 0.99806 0.99809 0.98463 0.99836 0.99474 0.99624 0.99806 0.99778 0.99789 0.99823 0.96143 0.99683 0.99786 0.95699 0.99340 0.99925 0.99831 0.99195 0.97228 0.99381 0.98543 0.99814 0.99825 0.99965 0.99431 0.99908 0.99814 0.99632 0.99953 0.99894 0.99815 0.00000 0.95368 0.81570 0.99867 0.99168 0.98997 0.99693 0.98964
0.99144 0.99407 0.97649 0.99085 0.99820 0.98063 0.99539 0.98763 0.98988 0.99636 0.99731 0.98963 0.99923 0.95483 0.94646 0.98594 0.99621 0.96162 0.98538 0.93417 0.99778 0.99848 0.96753 0.99325 0.98308 0.98243 0.99425 0.97266 0.98944 0.76187 0.97168 0.97308 0.99911 0.99430 0.99864 0.99919 0.98656 0.98376 0.99935 0.98297 0.95368 0.00000 0.86764 0.99479 0.96808 0.99934 0.99821 0.99719
0.90201 0.98022 0.77341 0.79126 0.92551 0.95141 0.95788 0.82329 0.93563 0.97900 0.93338 0.97248 0.92914 0.82851 0.84805 0.90772 0.78909 0.87149 0.92306 0.81829 0.98056 0.95344 0.90306 0.94600 0.89795 0.90069 0.93752 0.84004 0.77616 0.94206 0.94660 0.90596 0.97797 0.88020 0.98420 0.97818 0.94785 0.87224 0.81304 0.85563 0.81570 0.86764 0.00000 0.98696 0.90767 0.96455 0.97479 0.82607
0.99869 0.99972 0.99867 0.99855 0.99991 0.99969 0.99983 0.99024 0.99978 0.99953 0.99941 0.99876 0.99979 0.99472 0.99672 0.99901 0.99901 0.99589 0.99792 0.99620 0.99894 0.99906 0.99682 0.99881 0.99978 0.99902 0.99802 0.99879 0.99863 0.99845 0.99447 0.99766 0.99941 0.99717 0.99976 0.99965 0.99585 0.99989 0.99983 0.99881 0.99867 0.99479 0.98696 0.00000 0.96650 0.99945 0.99888 0.99911
0.99243 0.99732 0.98524 0.98899 0.98774 0.97780 0.99138 0.98567 0.99540 0.99006 0.99003 0.99274 0.99639 0.96864 0.97115 0.99272 0.98816 0.97674 0.96003 0.90441 0.99371 0.96620 0.97292 0.98267 0.98846 0.98093 0.99071 0.98993 0.96114 0.96803 0.91642 0.98059 0.47751 0.97824 0.99550 0.99310 0.96234 0.99346 0.99622 0.97375 0.99168 0.96808 0.90767 0.96650 0.00000 0.96936 0.99273 0.99001
0.99760 0.99880 0.99004 0.99280 0.98244 0.99995 0.99949 0.99974 0.99960 0.99906 0.99983 0.99804 0.99660 0.99814 0.99852 0.99833 0.99697 0.99933 0.99912 0.99794 0.99327 0.99098 0.99334 0.99102 0.99974 0.99957 0.98076 0.99660 0.98928 0.99978 0.99947 0.99971 0.99851 0.98496 0.99581 0.99039 0.99804 0.99966 0.99479 0.99865 0.98997 0.99934 0.96455 0.99945 0.96936 0.00000 0.99080 0.97497
0.99872 0.99835 0.99547 0.99605 0.98637 0.99985 0.99983 0.99950 0.99921 0.99568 0.99955 0.99696 0.99752 0.99804 0.99849 0.99907 0.99350 0.99948 0.99917 0.99715 0.99825 0.99739 0.99386 0.99496 0.99650 0.99941 0.99149 0.99865 0.99449 0.99862 0.99929 0.99930 0.99873 0.99235 0.99429 0.99006 0.99798 0.99942 0.99487 0.99936 0.99693 0.99821 0.97479 0.99888 0.99273 0.99080 0.00000 0.98536
0.99697 0.99331 0.99188 0.99106 0.96917 0.99973 0.99906 0.98728 0.99903 0.99196 0.99652 0.99733 0.99481 0.99555 0.99738 0.99860 0.91735 0.99896 0.99857 0.99634 0.99620 0.99228 0.98957 0.99277 0.99868 0.99891 0.97514 0.99518 0.94575 0.99898 0.99912 0.99938 0.99836 0.96341 0.99181 0.98604 0.99774 0.99930 0.57883 0.99779 0.98964 0.99719 0.82607 0.99911 0.99001 0.97497 0.98536 0.00000
