0.00000 0.99435 0.99516 0.99010 0.99102 0.99799 0.99926 0.97982 0.99063 0.99824
0.99435 0.00000 0.93416 0.97806 0.99066 0.96092 0.94432 0.96079 0.94896 0.97729
0.99516 0.93416 0.00000 0.99414 0.98816 0.97667 0.99063 0.98438 0.92434 0.98701
0.99010 0.97806 0.99414 0.00000 0.99362 0.99975 0.95439 0.99457 0.99604 0.99206
0.99102 0.99066 0.98816 0.99362 0.00000 0.99116 0.99809 0.98570 0.98582 0.99629
0.99799 0.96092 0.97667 0.99975 0.99116 0.00000 0.99074 0.97984 0.99282 0.99755
0.99926 0.94432 0.99063 0.95439 0.99809 0.99074 0.00000 0.99753 0.99916 0.99915
0.97982 0.96079 0.98438 0.99457 0.98570 0.97984 0.99753 0.00000 0.86163 0.97838
0.99063 0.94896 0.92434 0.99604 0.98582 0.99282 0.99916 0.86163 0.00000 0.96811
0.99824 0.97729 0.98701 0.99206 0.99629 0.99755 0.99915 0.97838 0.96811 0.00000
