0.00000 0.95397 0.99879 0.99258 0.99370 0.96703 0.99265 0.98118 0.99578
0.95397 0.00000 0.99472 0.99381 0.99635 0.99637 0.99815 0.77608 0.99927
0.99879 0.99472 0.00000 0.99482 0.70818 0.99587 0.99425 0.99397 0.99199
0.99258 0.99381 0.99482 0.00000 0.98977 0.99804 0.98939 0.99787 0.99328
0.99370 0.99635 0.70818 0.98977 0.00000 0.99804 0.95838 0.99602 0.99151
0.96703 0.99637 0.99587 0.99804 0.99804 0.00000 0.99074 0.99906 0.99975
0.99265 0.99815 0.99425 0.98939 0.95838 0.99074 0.00000 0.99842 0.98933
0.98118 0.77608 0.99397 0.99787 0.99602 0.99906 0.99842 0.00000 0.99949
0.99578 0.99927 0.99199 0.99328 0.99151 0.99975 0.98933 0.99949 0.00000
