0.00000 0.91834 0.96485 0.98617 0.99627 0.57432 0.98116 0.99652
0.91834 0.00000 0.96847 0.97631 0.99203 0.95371 0.96698 0.98097
0.96485 0.96847 0.00000 0.99472 0.98349 0.95995 0.75764 0.98143
0.98617 0.97631 0.99472 0.00000 0.96966 0.99079 0.87237 0.99785
0.99627 0.99203 0.98349 0.96966 0.00000 0.99010 0.92557 0.94890
0.57432 0.95371 0.95995 0.99079 0.99010 0.00000 0.99074 0.99980
0.98116 0.96698 0.75764 0.87237 0.92557 0.99074 0.00000 0.96986
0.99652 0.98097 0.98143 0.99785 0.94890 0.99980 0.96986 0.00000
