0.00000 0.99487 0.99533 0.99736 0.97361 0.99976 0.99987 0.96397 0.98860 0.98139 0.99609 1.00000 0.99712 0.99953 0.99473 0.99945 0.99912 0.99844 0.99652 0.99987 0.99865 0.99943 0.99762 0.99942 0.99844 0.99917 0.99773 0.99942
0.99487 0.00000 0.91280 0.99096 0.99179 0.96251 0.91687 0.94709 0.96428 0.90511 0.87289 0.99997 0.99386 0.99837 0.98598 0.99763 0.99786 0.99635 0.99847 0.99730 0.99621 0.99668 0.99442 0.99799 0.97604 0.93597 0.99444 0.95317
0.99533 0.91280 0.00000 0.99836 0.99044 0.99846 0.99553 0.98778 0.88619 0.96608 0.92642 0.99998 0.99497 0.99853 0.98791 0.99821 0.99820 0.99683 0.99764 0.99944 0.99757 0.99821 0.99319 0.99849 0.97878 0.99009 0.99535 0.96406
0.99736 0.99096 0.99836 0.00000 0.99886 0.99997 0.98342 0.99733 0.99906 0.99014 0.99254 0.99990 0.98996 0.99953 0.99109 0.99648 0.99791 0.99413 0.99433 0.99906 0.96991 0.99825 0.99794 0.99647 0.99442 0.99905 0.97620 0.99372
0.97361 0.99179 0.99044 0.99886 0.00000 0.99747 0.99976 0.97260 0.98496 0.99423 0.99259 0.99999 0.99611 0.99884 0.99055 0.99770 0.99847 0.99528 0.99948 0.99977 0.99834 0.99861 0.99534 0.99843 0.99332 0.99826 0.99411 0.99944
0.99976 0.96251 0.99846 0.99997 0.99747 0.00000 0.99955 0.98673 0.99928 0.97541 0.99502 0.99999 0.99383 0.99835 0.97888 0.99887 0.99837 0.99750 0.99977 0.99980 0.99778 0.99785 0.99487 0.99869 0.99706 0.98804 0.99879 0.99952
0.99987 0.91687 0.99553 0.98342 0.99976 0.99955 0.00000 0.99944 0.99970 0.98384 0.99743 0.99999 0.99576 0.99743 0.98905 0.99938 0.99914 0.99641 0.99877 0.99973 0.99551 0.99913 0.99733 0.99842 0.99832 0.99947 0.99184 0.99672
0.96397 0.94709 0.98778 0.99733 0.97260 0.98673 0.99944 0.00000 0.92716 0.83960 0.89311 0.99997 0.99504 0.99858 0.98798 0.99871 0.99803 0.99648 0.99822 0.99890 0.99633 0.99806 0.99441 0.99795 0.99456 0.84964 0.99673 0.99890
0.98860 0.96428 0.88619 0.99906 0.98496 0.99928 0.99970 0.92716 0.00000 0.89973 0.79959 0.99999 0.99640 0.99894 0.99113 0.99905 0.99853 0.99681 0.99932 0.99970 0.99856 0.99899 0.99510 0.99866 0.98517 0.93375 0.99804 0.99866
0.98139 0.90511 0.96608 0.99014 0.99423 0.97541 0.98384 0.83960 0.89973 0.00000 0.85350 0.99949 0.99208 0.99636 0.98195 0.99634 0.99601 0.99428 0.99392 0.99729 0.99357 0.99582 0.99085 0.99672 0.98245 0.78374 0.99589 0.99443
0.99609 0.87289 0.92642 0.99254 0.99259 0.99502 0.99743 0.89311 0.79959 0.85350 0.00000 0.99982 0.98449 0.99354 0.96987 0.99305 0.99059 0.98740 0.99311 0.99356 0.99054 0.99162 0.98338 0.96439 0.96505 0.84579 0.98969 0.99185
1.00000 0.99997 0.99998 0.99990 0.99999 0.99999 0.99999 0.99997 0.99999 0.99949 0.99982 0.00000 0.89562 0.99291 0.88496 0.99985 0.99978 0.99560 0.96983 0.99727 0.85761 0.99984 0.98849 0.97854 0.99993 0.99996 0.99971 0.99999
0.99712 0.99386 0.99497 0.98996 0.99611 0.99383 0.99576 0.99504 0.99640 0.99208 0.98449 0.89562 0.00000 0.94991 0.81922 0.96838 0.97282 0.86003 0.97025 0.73309 0.91763 0.95269 0.94886 0.98424 0.98633 0.99575 0.97759 0.99144
0.99953 0.99837 0.99853 0.99953 0.99884 0.99835 0.99743 0.99858 0.99894 0.99636 0.99354 0.99291 0.94991 0.00000 0.88951 0.96188 0.99438 0.98994 0.99597 0.99604 0.98362 0.99237 0.97491 0.99706 0.99476 0.99897 0.99561 0.99910
0.99473 0.98598 0.98791 0.99109 0.99055 0.97888 0.98905 0.98798 0.99113 0.98195 0.96987 0.88496 0.81922 0.88951 0.00000 0.87942 0.97485 0.94460 0.96901 0.90407 0.91778 0.84361 0.91764 0.97858 0.97419 0.98993 0.97870 0.99050
0.99945 0.99763 0.99821 0.99648 0.99770 0.99887 0.99938 0.99871 0.99905 0.99634 0.99305 0.99985 0.96838 0.96188 0.87942 0.00000 0.99401 0.97829 0.99533 0.99275 0.97433 0.84022 0.97500 0.99602 0.99149 0.99891 0.99420 0.99864
0.99912 0.99786 0.99820 0.99791 0.99847 0.99837 0.99914 0.99803 0.99853 0.99601 0.99059 0.99978 0.97282 0.99438 0.97485 0.99401 0.00000 0.97063 0.98358 0.99338 0.96635 0.99461 0.98807 0.99550 0.99484 0.99832 0.98736 0.99695
0.99844 0.99635 0.99683 0.99413 0.99528 0.99750 0.99641 0.99648 0.99681 0.99428 0.98740 0.99560 0.86003 0.98994 0.94460 0.97829 0.97063 0.00000 0.98531 0.97340 0.95741 0.98257 0.97496 0.98843 0.98874 0.99651 0.94641 0.99526
0.99652 0.99847 0.99764 0.99433 0.99948 0.99977 0.99877 0.99822 0.99932 0.99392 0.99311 0.96983 0.97025 0.99597 0.96901 0.99533 0.98358 0.98531 0.00000 0.99768 0.95939 0.99603 0.99116 0.99414 0.99838 0.98766 0.98951 0.99898
0.99987 0.99730 0.99944 0.99906 0.99977 0.99980 0.99973 0.99890 0.99970 0.99729 0.99356 0.99727 0.73309 0.99604 0.90407 0.99275 0.99338 0.97340 0.99768 0.00000 0.98311 0.97901 0.98883 0.99426 0.99830 0.99941 0.97956 0.99938
0.99865 0.99621 0.99757 0.96991 0.99834 0.99778 0.99551 0.99633 0.99856 0.99357 0.99054 0.85761 0.91763 0.98362 0.91778 0.97433 0.96635 0.95741 0.95939 0.98311 0.00000 0.97943 0.97157 0.97485 0.99309 0.99824 0.97081 0.99619
0.99943 0.99668 0.99821 0.99825 0.99861 0.99785 0.99913 0.99806 0.99899 0.99582 0.99162 0.99984 0.95269 0.99237 0.84361 0.84022 0.99461 0.98257 0.99603 0.97901 0.97943 0.00000 0.97806 0.98879 0.99497 0.99886 0.99285 0.99856
0.99762 0.99442 0.99319 0.99794 0.99534 0.99487 0.99733 0.99441 0.99510 0.99085 0.98338 0.98849 0.94886 0.97491 0.91764 0.97500 0.98807 0.97496 0.99116 0.98883 0.97157 0.97806 0.00000 0.99300 0.97779 0.99544 0.98996 0.99565
0.99942 0.99799 0.99849 0.99647 0.99843 0.99869 0.99842 0.99795 0.99866 0.99672 0.96439 0.97854 0.98424 0.99706 0.97858 0.99602 0.99550 0.98843 0.99414 0.99426 0.97485 0.98879 0.99300 0.00000 0.99381 0.99888 0.98535 0.99738
0.99844 0.97604 0.97878 0.99442 0.99332 0.99706 0.99832 0.99456 0.98517 0.98245 0.96505 0.99993 0.98633 0.99476 0.97419 0.99149 0.99484 0.98874 0.99838 0.99830 0.99309 0.99497 0.97779 0.99381 0.00000 0.99344 0.97778 0.80043
0.99917 0.93597 0.99009 0.99905 0.99826 0.98804 0.99947 0.84964 0.93375 0.78374 0.84579 0.99996 0.99575 0.99897 0.98993 0.99891 0.99832 0.99651 0.98766 0.99941 0.99824 0.99886 0.99544 0.99888 0.99344 0.00000 0.99870 0.99813
0.99773 0.99444 0.99535 0.97620 0.99411 0.99879 0.99184 0.99673 0.99804 0.99589 0.98969 0.99971 0.97759 0.99561 0.97870 0.99420 0.98736 0.94641 0.98951 0.97956 0.97081 0.99285 0.98996 0.98535 0.97778 0.99870 0.00000 0.98697
0.99942 0.95317 0.96406 0.99372 0.99944 0.99952 0.99672 0.99890 0.99866 0.99443 0.99185 0.99999 0.99144 0.99910 0.99050 0.99864 0.99695 0.99526 0.99898 0.99938 0.99619 0.99856 0.99565 0.99738 0.80043 0.99813 0.98697 0.00000
