0.00000 0.99435 0.99459 0.98865 0.98959 0.99968 0.99517 0.99758 0.98866 0.99896 0.99761 0.99728 0.99866 0.97258 0.99333 0.99764 0.99293 0.99999 0.99582 0.99694
0.99435 0.00000 0.90023 0.96510 0.96795 0.98648 0.96306 0.96241 0.98987 0.96098 0.96983 0.99119 0.93170 0.93545 0.91361 0.99178 0.78781 0.99896 0.98922 0.96772
0.99459 0.90023 0.00000 0.97855 0.99552 0.96613 0.99364 0.97213 0.98794 0.98444 0.95953 0.99234 0.98930 0.98219 0.96169 0.99117 0.97864 0.99845 0.98955 0.99078
0.98865 0.96510 0.97855 0.00000 0.99983 0.99991 0.99946 0.99835 0.99411 0.99368 0.99858 0.99180 0.96469 0.98940 0.98553 0.98222 0.98296 0.99995 0.95490 0.98634
0.98959 0.96795 0.99552 0.99983 0.00000 0.99945 0.99952 0.99921 0.98284 0.99888 0.99755 0.99736 0.99888 0.96479 0.95692 0.99836 0.99698 0.99999 0.99887 0.99867
0.99968 0.98648 0.96613 0.99991 0.99945 0.00000 0.98385 0.99254 0.99902 0.99845 0.98242 0.99938 0.99866 0.99253 0.98449 0.99841 0.99362 0.99962 0.99892 0.99702
0.99517 0.96306 0.99364 0.99946 0.99952 0.98385 0.00000 0.98645 0.99966 0.99951 0.99924 0.99086 0.99970 0.85030 0.89602 0.99965 0.91702 0.99980 0.99881 0.98914
0.99758 0.96241 0.97213 0.99835 0.99921 0.99254 0.98645 0.00000 0.99767 0.96804 0.99283 0.99914 0.99879 0.96199 0.94934 0.99843 0.97673 0.99927 0.99887 0.99743
0.98866 0.98987 0.98794 0.99411 0.98284 0.99902 0.99966 0.99767 0.00000 0.99603 0.99572 0.99661 0.99716 0.98088 0.99045 0.99340 0.99549 0.99899 0.99569 0.99315
0.99896 0.96098 0.98444 0.99368 0.99888 0.99845 0.99951 0.96804 0.99603 0.00000 0.99560 0.99789 0.99142 0.98405 0.98300 0.99105 0.99400 0.99999 0.99520 0.99350
0.99761 0.96983 0.95953 0.99858 0.99755 0.98242 0.99924 0.99283 0.99572 0.99560 0.00000 0.99336 0.99701 0.98504 0.98081 0.99052 0.98961 0.99932 0.99345 0.99474
0.99728 0.99119 0.99234 0.99180 0.99736 0.99938 0.99086 0.99914 0.99661 0.99789 0.99336 0.00000 0.99793 0.99322 0.99377 0.99409 0.99447 0.98455 0.98854 0.99806
0.99866 0.93170 0.98930 0.96469 0.99888 0.99866 0.99970 0.99879 0.99716 0.99142 0.99701 0.99793 0.00000 0.99557 0.99557 0.99056 0.99312 0.99989 0.98954 0.99303
0.97258 0.93545 0.98219 0.98940 0.96479 0.99253 0.85030 0.96199 0.98088 0.98405 0.98504 0.99322 0.99557 0.00000 0.72029 0.99308 0.91348 0.99946 0.99447 0.98697
0.99333 0.91361 0.96169 0.98553 0.95692 0.98449 0.89602 0.94934 0.99045 0.98300 0.98081 0.99377 0.99557 0.72029 0.00000 0.99492 0.89094 0.99951 0.99471 0.98485
0.99764 0.99178 0.99117 0.98222 0.99836 0.99841 0.99965 0.99843 0.99340 0.99105 0.99052 0.99409 0.99056 0.99308 0.99492 0.00000 0.98381 0.99567 0.94963 0.95678
0.99293 0.78781 0.97864 0.98296 0.99698 0.99362 0.91702 0.97673 0.99549 0.99400 0.98961 0.99447 0.99312 0.91348 0.89094 0.98381 0.00000 0.86571 0.97674 0.46127
0.99999 0.99896 0.99845 0.99995 0.99999 0.99962 0.99980 0.99927 0.99899 0.99999 0.99932 0.98455 0.99989 0.99946 0.99951 0.99567 0.86571 0.00000 0.99707 0.99587
0.99582 0.98922 0.98955 0.95490 0.99887 0.99892 0.99881 0.99887 0.99569 0.99520 0.99345 0.98854 0.98954 0.99447 0.99471 0.94963 0.97674 0.99707 0.00000 0.98396
0.99694 0.96772 0.99078 0.98634 0.99867 0.99702 0.98914 0.99743 0.99315 0.99350 0.99474 0.99806 0.99303 0.98697 0.98485 0.95678 0.46127 0.99587 0.98396 0.00000
