0.0 2.0 1.33333333333 2.0 2.0 2.0 2.0 2.0 1.97589211123 2.0 2.0
2.0 0.0 2.0 2.0 1.99639963996 2.0 2.0 2.0 2.0 2.0 2.0
1.33333333333 2.0 0.0 2.0 2.0 2.0 2.0 2.0 2.0 2.0 2.0
2.0 2.0 2.0 0.0 1.96939693969 2.0 2.0 2.0 2.0 2.0 2.0
2.0 1.99639963996 2.0 1.96939693969 0.0 2.0 2.0 2.0 1.99713569638 2.0 2.0
2.0 2.0 2.0 2.0 2.0 0.0 2.0 2.0 1.99966583124 2.0 2.0
2.0 2.0 2.0 2.0 2.0 2.0 0.0 1.9991216513 2.0 2.0 2.0
2.0 2.0 2.0 2.0 2.0 2.0 1.9991216513 0.0 1.9962406015 1.79364176463 1.99443712487
1.97589211123 2.0 2.0 2.0 1.99713569638 1.99966583124 2.0 1.9962406015 0.0 1.97713032581 2.0
2.0 2.0 2.0 2.0 2.0 2.0 2.0 1.79364176463 1.97713032581 0.0 1.99996207812
2.0 2.0 2.0 2.0 2.0 2.0 2.0 1.99443712487 2.0 1.99996207812 0.0
