0.00000 0.88970 0.93761 0.92779 0.97745 0.99856 0.95466 0.97236
0.88970 0.00000 0.99028 0.99067 0.99397 0.99999 0.99535 0.99860
0.93761 0.99028 0.00000 0.96840 0.99392 0.99980 0.98251 0.98906
0.92779 0.99067 0.96840 0.00000 0.87655 0.99221 0.76598 0.63132
0.97745 0.99397 0.99392 0.87655 0.00000 0.99879 0.95349 0.94998
0.99856 0.99999 0.99980 0.99221 0.99879 0.00000 0.92797 0.99786
0.95466 0.99535 0.98251 0.76598 0.95349 0.92797 0.00000 0.81225
0.97236 0.99860 0.98906 0.63132 0.94998 0.99786 0.81225 0.00000
