0.00000 0.99670 0.99832 0.99882 0.99907 0.99966 0.95703 0.98365 0.98025 0.99935 0.99906 0.99798 0.99608
0.99670 0.00000 0.94254 0.99084 0.96824 0.98997 0.98446 0.98738 0.94529 0.99304 0.98563 0.99436 0.98200
0.99832 0.94254 0.00000 0.99924 0.99404 0.98803 0.99619 0.90965 0.97404 0.99557 0.99228 0.99265 0.98493
0.99882 0.99084 0.99924 0.00000 0.99996 0.99186 0.99629 0.99837 0.98178 0.99901 0.99652 0.97724 0.99836
0.99907 0.96824 0.99404 0.99996 0.00000 0.99746 0.97998 0.99732 0.96959 0.99544 0.99782 0.99444 0.99325
0.99966 0.98997 0.98803 0.99186 0.99746 0.00000 0.99918 0.99958 0.99452 0.99837 0.99548 0.98449 0.95729
0.95703 0.98446 0.99619 0.99629 0.97998 0.99918 0.00000 0.95896 0.92776 0.99565 0.99558 0.99428 0.97201
0.98365 0.98738 0.90965 0.99837 0.99732 0.99958 0.95896 0.00000 0.92264 0.99191 0.98901 0.99770 0.97756
0.98025 0.94529 0.97404 0.98178 0.96959 0.99452 0.92776 0.92264 0.00000 0.97547 0.97611 0.99172 0.85251
0.99935 0.99304 0.99557 0.99901 0.99544 0.99837 0.99565 0.99191 0.97547 0.00000 0.99343 0.99580 0.96135
0.99906 0.98563 0.99228 0.99652 0.99782 0.99548 0.99558 0.98901 0.97611 0.99343 0.00000 0.98425 0.97456
0.99798 0.99436 0.99265 0.97724 0.99444 0.98449 0.99428 0.99770 0.99172 0.99580 0.98425 0.00000 0.99017
0.99608 0.98200 0.98493 0.99836 0.99325 0.95729 0.97201 0.97756 0.85251 0.96135 0.97456 0.99017 0.00000
