0.00000 1.00000 1.00000 1.00000 1.00000 1.00000 1.00000 1.00000 0.99558 1.00000
1.00000 0.00000 0.99583 0.99235 0.99479 0.99997 0.94328 0.98713 0.98205 0.99999
1.00000 0.99583 0.00000 0.94360 0.96203 0.98391 0.96848 0.98387 0.96429 0.99899
1.00000 0.99235 0.94360 0.00000 0.97062 0.98296 0.98594 0.92304 0.93665 0.99444
1.00000 0.99479 0.96203 0.97062 0.00000 0.99052 0.96603 0.99450 0.97821 0.99996
1.00000 0.99997 0.98391 0.98296 0.99052 0.00000 0.99742 0.99871 0.97413 0.99945
1.00000 0.94328 0.96848 0.98594 0.96603 0.99742 0.00000 0.95198 0.97765 0.99901
1.00000 0.98713 0.98387 0.92304 0.99450 0.99871 0.95198 0.00000 0.89966 0.99789
0.99558 0.98205 0.96429 0.93665 0.97821 0.97413 0.97765 0.89966 0.00000 0.98055
1.00000 0.99999 0.99899 0.99444 0.99996 0.99945 0.99901 0.99789 0.98055 0.00000
