0.00000 0.99505 0.99995 0.99998 0.99979 0.93670
0.99505 0.00000 0.79995 0.97652 0.90085 0.97752
0.99995 0.79995 0.00000 0.98980 0.39419 0.96627
0.99998 0.97652 0.98980 0.00000 0.96854 0.97615
0.99979 0.90085 0.39419 0.96854 0.00000 0.84345
0.93670 0.97752 0.96627 0.97615 0.84345 0.00000
