0.0 2.0 2.0 1.99986647642 2.0 1.99935632539 2.0 2.0 2.0 2.0
2.0 0.0 2.0 1.8145962247 2.0 1.92107055961 2.0 1.99727891156 1.98384353741 1.9880952381
2.0 2.0 0.0 1.76923076923 2.0 2.0 2.0 2.0 1.99401958586 2.0
1.99986647642 1.8145962247 1.76923076923 0.0 1.36363636364 0.372760001881 1.99997253229 1.99854421151 1.99930644039 1.91666666667
2.0 2.0 2.0 1.36363636364 0.0 1.95454545455 2.0 2.0 2.0 2.0
1.99935632539 1.92107055961 2.0 0.372760001881 1.95454545455 0.0 1.99602760812 2.0 1.99668967344 2.0
2.0 2.0 2.0 1.99997253229 2.0 1.99602760812 0.0 2.0 2.0 2.0
2.0 1.99727891156 2.0 1.99854421151 2.0 2.0 2.0 0.0 2.0 2.0
2.0 1.98384353741 1.99401958586 1.99930644039 2.0 1.99668967344 2.0 2.0 0.0 2.0
2.0 1.9880952381 2.0 1.91666666667 2.0 2.0 2.0 2.0 2.0 0.0
