0.00000 1.00000 1.00000 1.00000 1.00000 1.00000 1.00000 1.00000 1.00000 0.98239
1.00000 0.00000 0.99154 0.99204 0.99156 0.99473 0.99875 0.96078 0.98420 0.96554
1.00000 0.99154 0.00000 0.93854 0.97311 0.96566 0.98740 0.96683 0.97389 0.87112
1.00000 0.99204 0.93854 0.00000 0.99462 0.97014 0.98515 0.98573 0.91576 0.88898
1.00000 0.99156 0.97311 0.99462 0.00000 0.99979 0.98397 0.98964 0.99384 0.97007
1.00000 0.99473 0.96566 0.97014 0.99979 0.00000 0.99019 0.97424 0.98823 0.93225
1.00000 0.99875 0.98740 0.98515 0.98397 0.99019 0.00000 0.99782 0.99928 0.97566
1.00000 0.96078 0.96683 0.98573 0.98964 0.97424 0.99782 0.00000 0.94255 0.90862
1.00000 0.98420 0.97389 0.91576 0.99384 0.98823 0.99928 0.94255 0.00000 0.77745
0.98239 0.96554 0.87112 0.88898 0.97007 0.93225 0.97566 0.90862 0.77745 0.00000
