0.00000 0.98432 0.98998 0.97824 0.99457 0.99836 0.92744 0.97471 0.94886 0.97909 0.99414 0.97970 0.99053 0.95747 0.99994 0.99998 0.99998 0.99998 0.99999 0.99997 0.99998 0.99998 0.99613 0.99770 0.99309 0.99392
0.98432 0.00000 0.91333 0.94827 0.95249 0.98620 0.95224 0.96128 0.87381 0.96761 0.98822 0.97138 0.97132 0.80524 0.96586 0.99911 0.99894 0.99851 0.99970 0.99834 0.99885 0.99883 0.97637 0.99147 0.97601 0.98696
0.98998 0.91333 0.00000 0.98645 0.98552 0.98826 0.97880 0.87089 0.91469 0.96279 0.99121 0.97279 0.97178 0.89476 0.99790 0.99953 0.99652 0.99866 0.99975 0.99810 0.99896 0.99890 0.98912 0.99506 0.99078 0.99011
0.97824 0.94827 0.98645 0.00000 0.99963 0.97291 0.98521 0.99073 0.95244 0.99820 0.95776 0.93788 0.99709 0.92131 0.99978 0.99989 0.99991 0.99991 0.99996 0.99981 0.99988 0.99988 0.99104 0.98200 0.93734 0.95693
0.99457 0.95249 0.98552 0.99963 0.00000 0.99949 0.95962 0.98496 0.92420 0.96236 0.99537 0.97642 0.98249 0.94795 0.99990 0.99974 0.99969 0.99911 0.99966 0.99940 0.99945 0.99943 0.98212 0.99864 0.99976 0.99552
0.99836 0.98620 0.98826 0.97291 0.99949 0.00000 0.99884 0.99911 0.99367 0.99795 0.99525 0.98527 0.99948 0.98758 0.99998 0.99967 0.99973 0.99909 0.99992 0.99981 0.99947 0.99945 0.99900 0.99697 0.98793 0.99032
0.92744 0.95224 0.97880 0.98521 0.95962 0.99884 0.00000 0.91576 0.83449 0.96402 0.99123 0.97609 0.96297 0.83959 0.98591 0.99931 0.99967 0.99950 0.99984 0.99935 0.99930 0.99946 0.96847 0.99724 0.99689 0.98808
0.97471 0.96128 0.87089 0.99073 0.98496 0.99911 0.91576 0.00000 0.83484 0.96149 0.99290 0.97575 0.96477 0.85127 0.98712 0.99982 0.99977 0.99982 0.99991 0.99965 0.99980 0.99974 0.97624 0.99745 0.99741 0.99340
0.94886 0.87381 0.91469 0.95244 0.92420 0.99367 0.83449 0.83484 0.00000 0.89705 0.97694 0.94047 0.86921 0.69958 0.96161 0.99740 0.99798 0.99739 0.99938 0.99635 0.99701 0.99718 0.91683 0.98994 0.98810 0.97524
0.97909 0.96761 0.96279 0.99820 0.96236 0.99795 0.96402 0.96149 0.89705 0.00000 0.97024 0.86296 0.93755 0.89899 0.99957 0.99873 0.99604 0.99775 0.99843 0.99732 0.99757 0.99751 0.98479 0.99198 0.99554 0.98534
0.99414 0.98822 0.99121 0.95776 0.99537 0.99525 0.99123 0.99290 0.97694 0.97024 0.00000 0.63853 0.99113 0.97225 0.99991 0.99727 0.99746 0.99737 0.99969 0.99847 0.99784 0.99802 0.99556 0.99291 0.98623 0.95490
0.97970 0.97138 0.97279 0.93788 0.97642 0.98527 0.97609 0.97575 0.94047 0.86296 0.63853 0.00000 0.95950 0.92803 0.99958 0.99650 0.99760 0.99789 0.99885 0.99760 0.99760 0.99810 0.98823 0.98632 0.97417 0.83966
0.99053 0.97132 0.97178 0.99709 0.98249 0.99948 0.96297 0.96477 0.86921 0.93755 0.99113 0.95950 0.00000 0.87048 0.99896 0.99959 0.99986 0.99970 0.99996 0.99972 0.99977 0.99974 0.91976 0.99757 0.99866 0.98948
0.95747 0.80524 0.89476 0.92131 0.94795 0.98758 0.83959 0.85127 0.69958 0.89899 0.97225 0.92803 0.87048 0.00000 0.62703 0.96281 0.94200 0.93900 0.92290 0.90876 0.93381 0.91340 0.92413 0.94000 0.97578 0.96203
0.99994 0.96586 0.99790 0.99978 0.99990 0.99998 0.98591 0.98712 0.96161 0.99957 0.99991 0.99958 0.99896 0.62703 0.00000 0.99995 0.99994 0.99993 0.99996 0.99985 0.99991 0.99987 0.99564 0.99990 0.99990 0.99986
0.99998 0.99911 0.99953 0.99989 0.99974 0.99967 0.99931 0.99982 0.99740 0.99873 0.99727 0.99650 0.99959 0.96281 0.99995 0.00000 0.84916 0.94135 0.98723 0.86646 0.81422 0.88845 0.99695 0.99816 0.99619 0.99859
0.99998 0.99894 0.99652 0.99991 0.99969 0.99973 0.99967 0.99977 0.99798 0.99604 0.99746 0.99760 0.99986 0.94200 0.99994 0.84916 0.00000 0.85935 0.92882 0.58996 0.73805 0.71441 0.99967 0.99921 0.99705 0.99808
0.99998 0.99851 0.99866 0.99991 0.99911 0.99909 0.99950 0.99982 0.99739 0.99775 0.99737 0.99789 0.99970 0.93900 0.99993 0.94135 0.85935 0.00000 0.94800 0.83895 0.75334 0.68065 0.99986 0.99962 0.99862 0.99850
0.99999 0.99970 0.99975 0.99996 0.99966 0.99992 0.99984 0.99991 0.99938 0.99843 0.99969 0.99885 0.99996 0.92290 0.99996 0.98723 0.92882 0.94800 0.00000 0.91500 0.93745 0.93491 0.99992 0.99993 0.99639 0.99965
0.99997 0.99834 0.99810 0.99981 0.99940 0.99981 0.99935 0.99965 0.99635 0.99732 0.99847 0.99760 0.99972 0.90876 0.99985 0.86646 0.58996 0.83895 0.91500 0.00000 0.66471 0.80292 0.99846 0.99813 0.99536 0.99379
0.99998 0.99885 0.99896 0.99988 0.99945 0.99947 0.99930 0.99980 0.99701 0.99757 0.99784 0.99760 0.99977 0.93381 0.99991 0.81422 0.73805 0.75334 0.93745 0.66471 0.00000 0.82174 0.99967 0.99805 0.99631 0.99855
0.99998 0.99883 0.99890 0.99988 0.99943 0.99945 0.99946 0.99974 0.99718 0.99751 0.99802 0.99810 0.99974 0.91340 0.99987 0.88845 0.71441 0.68065 0.93491 0.80292 0.82174 0.00000 0.99978 0.99967 0.99877 0.99694
0.99613 0.97637 0.98912 0.99104 0.98212 0.99900 0.96847 0.97624 0.91683 0.98479 0.99556 0.98823 0.91976 0.92413 0.99564 0.99695 0.99967 0.99986 0.99992 0.99846 0.99967 0.99978 0.00000 0.99853 0.99726 0.99603
0.99770 0.99147 0.99506 0.98200 0.99864 0.99697 0.99724 0.99745 0.98994 0.99198 0.99291 0.98632 0.99757 0.94000 0.99990 0.99816 0.99921 0.99962 0.99993 0.99813 0.99805 0.99967 0.99853 0.00000 0.99333 0.99267
0.99309 0.97601 0.99078 0.93734 0.99976 0.98793 0.99689 0.99741 0.98810 0.99554 0.98623 0.97417 0.99866 0.97578 0.99990 0.99619 0.99705 0.99862 0.99639 0.99536 0.99631 0.99877 0.99726 0.99333 0.00000 0.95347
0.99392 0.98696 0.99011 0.95693 0.99552 0.99032 0.98808 0.99340 0.97524 0.98534 0.95490 0.83966 0.98948 0.96203 0.99986 0.99859 0.99808 0.99850 0.99965 0.99379 0.99855 0.99694 0.99603 0.99267 0.95347 0.00000
