0.00000 0.99443 0.99594 0.99223 0.98996 0.99844 0.99945 0.97836 0.99227 0.97797 0.99549
0.99443 0.00000 0.93378 0.97859 0.99146 0.96843 0.93115 0.96851 0.97600 0.92009 0.94415
0.99594 0.93378 0.00000 0.99549 0.99099 0.98939 0.99386 0.98904 0.91020 0.95979 0.96899
0.99223 0.97859 0.99549 0.00000 0.99512 0.99988 0.95136 0.99586 0.99607 0.97561 0.99450
0.98996 0.99146 0.99099 0.99512 0.00000 0.99431 0.99853 0.98594 0.98881 0.98091 0.99182
0.99844 0.96843 0.98939 0.99988 0.99431 0.00000 0.99647 0.98532 0.99543 0.96913 0.99401
0.99945 0.93115 0.99386 0.95136 0.99853 0.99647 0.00000 0.99864 0.99935 0.98139 0.99807
0.97836 0.96851 0.98904 0.99586 0.98594 0.98532 0.99864 0.00000 0.94469 0.88826 0.94622
0.99227 0.97600 0.91020 0.99607 0.98881 0.99543 0.99935 0.94469 0.00000 0.90170 0.96305
0.97797 0.92009 0.95979 0.97561 0.98091 0.96913 0.98139 0.88826 0.90170 0.00000 0.78067
0.99549 0.94415 0.96899 0.99450 0.99182 0.99401 0.99807 0.94622 0.96305 0.78067 0.00000
