0.00000 1.00000 1.00000 1.00000 1.00000 1.00000 1.00000 1.00000 1.00000 1.00000 1.00000 1.00000 1.00000
1.00000 0.00000 0.99285 0.99569 0.99080 0.99764 0.99884 0.95518 0.98484 0.97209 0.99735 0.99460 0.98400
1.00000 0.99285 0.00000 0.93419 0.96857 0.97139 0.98810 0.98223 0.98547 0.93526 0.98893 0.96854 0.96134
1.00000 0.99569 0.93419 0.00000 0.99410 0.98171 0.98670 0.99270 0.91544 0.96754 0.99205 0.97899 0.96164
1.00000 0.99080 0.96857 0.99410 0.00000 0.99982 0.98126 0.99173 0.99478 0.96784 0.99257 0.99264 0.96385
1.00000 0.99764 0.97139 0.98171 0.99982 0.00000 0.99299 0.98051 0.99454 0.96151 0.99606 0.98287 0.97325
1.00000 0.99884 0.98810 0.98670 0.98126 0.99299 0.00000 0.99865 0.99940 0.99186 0.99916 0.99725 0.99175
1.00000 0.95518 0.98223 0.99270 0.99173 0.98051 0.99865 0.00000 0.96088 0.92673 0.97113 0.98094 0.97159
1.00000 0.98484 0.98547 0.91544 0.99478 0.99454 0.99940 0.96088 0.00000 0.94979 0.98603 0.96885 0.93238
1.00000 0.97209 0.93526 0.96754 0.96784 0.96151 0.99186 0.92673 0.94979 0.00000 0.85710 0.91216 0.90389
1.00000 0.99735 0.98893 0.99205 0.99257 0.99606 0.99916 0.97113 0.98603 0.85710 0.00000 0.79914 0.95938
1.00000 0.99460 0.96854 0.97899 0.99264 0.98287 0.99725 0.98094 0.96885 0.91216 0.79914 0.00000 0.71886
1.00000 0.98400 0.96134 0.96164 0.96385 0.97325 0.99175 0.97159 0.93238 0.90389 0.95938 0.71886 0.00000
