0.00000 0.99348 0.99408 0.99451 0.96785 0.99937 0.99968 0.95729 0.97047 0.97761 0.99988 0.99806 0.99875 0.99731 0.99741 0.99840 0.99872 0.99719 0.99914 0.99776 0.99959 0.99987 0.99755 0.99938 0.99876 0.99972 0.99882 0.99935 0.99934 0.99955 0.99917 0.99895 0.99930 0.99286 0.99729 0.99967 0.99942 0.99829
0.99348 0.00000 0.89567 0.97954 0.98733 0.96510 0.91356 0.95817 0.94018 0.89645 0.99916 0.97836 0.99335 0.99287 0.99218 0.99250 0.99046 0.98963 0.99583 0.99211 0.99683 0.98552 0.96799 0.97864 0.95132 0.99208 0.99360 0.99527 0.98132 0.99784 0.99733 0.99617 0.99695 0.82854 0.98116 0.98949 0.98358 0.94613
0.99408 0.89567 0.00000 0.99622 0.98600 0.99504 0.99381 0.98595 0.91257 0.94576 0.99865 0.95114 0.99306 0.99396 0.99445 0.99449 0.99469 0.99177 0.99525 0.99388 0.99707 0.99403 0.98425 0.97838 0.99326 0.99304 0.99684 0.99811 0.99407 0.99749 0.98935 0.99922 0.99735 0.87065 0.99158 0.98221 0.98982 0.98487
0.99451 0.97954 0.99622 0.00000 0.99161 0.99983 0.95193 0.99313 0.99494 0.96713 0.99901 0.98621 0.98785 0.97776 0.97586 0.98874 0.98730 0.97468 0.99439 0.97589 0.99657 0.99174 0.99423 0.98835 0.99611 0.99956 0.99453 0.91070 0.99615 0.99979 0.99987 0.98843 0.97546 0.96918 0.98068 0.99939 0.99889 0.99620
0.96785 0.98733 0.98600 0.99161 0.00000 0.99604 0.99877 0.96400 0.96297 0.98327 0.99740 0.99451 0.99408 0.99675 0.99456 0.99667 0.99472 0.99278 0.98523 0.99599 0.99869 0.99862 0.99381 0.99622 0.99796 0.99927 0.99761 0.99798 0.99864 0.99874 0.99824 0.99994 0.99683 0.97384 0.99474 0.99910 0.99857 0.99625
0.99937 0.96510 0.99504 0.99983 0.99604 0.00000 0.99841 0.98539 0.99697 0.97200 0.99993 0.99583 0.98874 0.99671 0.99676 0.99747 0.99514 0.98968 0.99822 0.99269 0.99888 0.99215 0.99225 0.99904 0.99873 0.99961 0.99870 0.99921 0.98857 0.99757 0.99883 0.99998 0.99949 0.96009 0.97351 0.99949 0.99923 0.99767
0.99968 0.91356 0.99381 0.95193 0.99877 0.99841 0.00000 0.99868 0.99897 0.97924 0.99860 0.99605 0.99454 0.99750 0.99542 0.99838 0.99517 0.99350 0.99616 0.99550 0.99696 0.97926 0.99677 0.99531 0.99945 0.99970 0.99884 0.96556 0.99940 0.99934 0.99996 0.99880 0.99595 0.99375 0.99636 0.99933 0.99952 0.99880
0.95729 0.95817 0.98595 0.99313 0.96400 0.98539 0.99868 0.00000 0.84897 0.85648 0.99883 0.98928 0.99715 0.99771 0.99773 0.99606 0.99836 0.99687 0.99809 0.99827 0.99723 0.99688 0.98131 0.98415 0.95411 0.98110 0.99689 0.99837 0.97039 0.99806 0.99626 0.99975 0.98195 0.90537 0.99439 0.97873 0.96813 0.87690
0.97047 0.94018 0.91257 0.99494 0.96297 0.99697 0.99897 0.84897 0.00000 0.79936 0.99912 0.84515 0.99398 0.99266 0.99283 0.99041 0.99359 0.99224 0.99419 0.99445 0.99788 0.99826 0.96972 0.95138 0.94441 0.98968 0.99521 0.99913 0.97041 0.99790 0.99689 0.99966 0.99741 0.84222 0.99232 0.98860 0.97012 0.85100
0.97761 0.89645 0.94576 0.96713 0.98327 0.97200 0.97924 0.85648 0.79936 0.00000 0.99760 0.95278 0.98983 0.99138 0.99069 0.98567 0.99082 0.98825 0.99227 0.99097 0.98604 0.98413 0.94324 0.92801 0.89486 0.78815 0.98886 0.99253 0.93905 0.99262 0.98577 0.99737 0.98640 0.75450 0.97825 0.79093 0.76941 0.81853
0.99988 0.99916 0.99865 0.99901 0.99740 0.99993 0.99860 0.99883 0.99912 0.99760 0.00000 0.99103 0.99029 0.99477 0.98196 0.99805 0.98795 0.98523 0.97014 0.99203 0.99972 0.99955 0.99486 0.99085 0.99978 0.99785 0.98815 0.99803 0.99979 0.96843 0.98630 0.99910 0.97328 0.99332 0.98748 0.99559 0.99758 0.99913
0.99806 0.97836 0.95114 0.98621 0.99451 0.99583 0.99605 0.98928 0.84515 0.95278 0.99103 0.00000 0.87126 0.81766 0.80723 0.78278 0.82034 0.80666 0.86196 0.83971 0.99801 0.99454 0.97940 0.95437 0.99117 0.99690 0.99365 0.99649 0.99130 0.99072 0.99789 0.99423 0.98927 0.92275 0.97832 0.99451 0.99249 0.98052
0.99875 0.99335 0.99306 0.98785 0.99408 0.98874 0.99454 0.99715 0.99398 0.98983 0.99029 0.87126 0.00000 0.92769 0.80130 0.97701 0.59469 0.49594 0.82333 0.38918 0.99500 0.98384 0.98793 0.99491 0.99790 0.99906 0.99332 0.99734 0.99902 0.99519 0.99875 0.99855 0.98806 0.97784 0.98867 0.99763 0.99863 0.99703
0.99731 0.99287 0.99396 0.97776 0.99675 0.99671 0.99750 0.99771 0.99266 0.99138 0.99477 0.81766 0.92769 0.00000 0.32721 0.98934 0.92273 0.66310 0.94006 0.82728 0.99847 0.99628 0.98701 0.98269 0.99817 0.99931 0.99363 0.99572 0.99896 0.99470 0.99903 0.99601 0.99483 0.98065 0.97418 0.99868 0.99887 0.99762
0.99741 0.99218 0.99445 0.97586 0.99456 0.99676 0.99542 0.99773 0.99283 0.99069 0.98196 0.80723 0.80130 0.32721 0.00000 0.98114 0.67234 0.51574 0.89546 0.63160 0.99749 0.99403 0.99027 0.98910 0.99764 0.99874 0.98867 0.99286 0.99842 0.95153 0.99857 0.99361 0.99202 0.97901 0.98076 0.99766 0.99831 0.99754
0.99840 0.99250 0.99449 0.98874 0.99667 0.99747 0.99838 0.99606 0.99041 0.98567 0.99805 0.78278 0.97701 0.98934 0.98114 0.00000 0.89969 0.92631 0.97474 0.95645 0.99820 0.99804 0.98102 0.95762 0.99748 0.99528 0.99684 0.99648 0.99870 0.99408 0.99841 0.99836 0.99706 0.98226 0.99203 0.98948 0.99462 0.99482
0.99872 0.99046 0.99469 0.98730 0.99472 0.99514 0.99517 0.99836 0.99359 0.99082 0.98795 0.82034 0.59469 0.92273 0.67234 0.89969 0.00000 0.55838 0.66994 0.52338 0.99782 0.99324 0.99146 0.99278 0.99870 0.99907 0.99166 0.99705 0.99916 0.99649 0.99947 0.99619 0.99069 0.97898 0.98563 0.99709 0.99860 0.99720
0.99719 0.98963 0.99177 0.97468 0.99278 0.98968 0.99350 0.99687 0.99224 0.98825 0.98523 0.80666 0.49594 0.66310 0.51574 0.92631 0.55838 0.00000 0.73858 0.30526 0.99548 0.98764 0.98547 0.99042 0.99733 0.99882 0.99022 0.99382 0.99837 0.96931 0.99736 0.99482 0.98538 0.97395 0.98243 0.99648 0.99827 0.99656
0.99914 0.99583 0.99525 0.99439 0.98523 0.99822 0.99616 0.99809 0.99419 0.99227 0.97014 0.86196 0.82333 0.94006 0.89546 0.97474 0.66994 0.73858 0.00000 0.83504 0.99693 0.99547 0.98731 0.99262 0.99894 0.99910 0.98906 0.99545 0.99921 0.99848 0.99918 0.99895 0.97409 0.98666 0.98545 0.99677 0.99872 0.99814
0.99776 0.99211 0.99388 0.97589 0.99599 0.99269 0.99550 0.99827 0.99445 0.99097 0.99203 0.83971 0.38918 0.82728 0.63160 0.95645 0.52338 0.30526 0.83504 0.00000 0.99729 0.98886 0.99051 0.99389 0.99814 0.99904 0.99378 0.99587 0.99909 0.99058 0.99825 0.99543 0.99091 0.97695 0.98687 0.99627 0.99869 0.99743
0.99959 0.99683 0.99707 0.99657 0.99869 0.99888 0.99696 0.99723 0.99788 0.98604 0.99972 0.99801 0.99500 0.99847 0.99749 0.99820 0.99782 0.99548 0.99693 0.99729 0.00000 0.91724 0.96379 0.98286 0.99762 0.98679 0.99654 0.99301 0.99886 0.99899 0.99750 0.99951 0.99707 0.98561 0.99297 0.98839 0.98672 0.99746
0.99987 0.98552 0.99403 0.99174 0.99862 0.99215 0.97926 0.99688 0.99826 0.98413 0.99955 0.99454 0.98384 0.99628 0.99403 0.99804 0.99324 0.98764 0.99547 0.98886 0.91724 0.00000 0.85589 0.98309 0.99492 0.99753 0.99540 0.93030 0.97510 0.99786 0.99958 0.99865 0.99674 0.98448 0.98925 0.99593 0.99711 0.99632
0.99755 0.96799 0.98425 0.99423 0.99381 0.99225 0.99677 0.98131 0.96972 0.94324 0.99486 0.97940 0.98793 0.98701 0.99027 0.98102 0.99146 0.98547 0.98731 0.99051 0.96379 0.85589 0.00000 0.71257 0.94842 0.99391 0.99069 0.99404 0.97810 0.99567 0.98766 0.99649 0.98481 0.92751 0.98529 0.99175 0.98926 0.97537
0.99938 0.97864 0.97838 0.98835 0.99622 0.99904 0.99531 0.98415 0.95138 0.92801 0.99085 0.95437 0.99491 0.98269 0.98910 0.95762 0.99278 0.99042 0.99262 0.99389 0.98286 0.98309 0.71257 0.00000 0.98237 0.99455 0.99644 0.99697 0.98149 0.99849 0.99865 0.99978 0.98177 0.90103 0.98264 0.99369 0.98734 0.96910
0.99876 0.95132 0.99326 0.99611 0.99796 0.99873 0.99945 0.95411 0.94441 0.89486 0.99978 0.99117 0.99790 0.99817 0.99764 0.99748 0.99870 0.99733 0.99894 0.99814 0.99762 0.99492 0.94842 0.98237 0.00000 0.99304 0.99650 0.99950 0.99209 0.99748 0.99267 0.99970 0.99744 0.86550 0.99565 0.99105 0.97323 0.92990
0.99972 0.99208 0.99304 0.99956 0.99927 0.99961 0.99970 0.98110 0.98968 0.78815 0.99785 0.99690 0.99906 0.99931 0.99874 0.99528 0.99907 0.99882 0.99910 0.99904 0.98679 0.99753 0.99391 0.99455 0.99304 0.00000 0.99809 0.99988 0.99343 0.99694 0.98660 0.99998 0.99884 0.71510 0.99350 0.01800 0.00370 0.95862
0.99882 0.99360 0.99684 0.99453 0.99761 0.99870 0.99884 0.99689 0.99521 0.98886 0.98815 0.99365 0.99332 0.99363 0.98867 0.99684 0.99166 0.99022 0.98906 0.99378 0.99654 0.99540 0.99069 0.99644 0.99650 0.99809 0.00000 0.97832 0.99934 0.98223 0.99287 0.99438 0.99397 0.98259 0.97369 0.99705 0.99768 0.99741
0.99935 0.99527 0.99811 0.91070 0.99798 0.99921 0.96556 0.99837 0.99913 0.99253 0.99803 0.99649 0.99734 0.99572 0.99286 0.99648 0.99705 0.99382 0.99545 0.99587 0.99301 0.93030 0.99404 0.99697 0.99950 0.99988 0.97832 0.00000 0.99879 0.99850 0.99991 0.93405 0.96658 0.99346 0.98572 0.99982 0.99958 0.99879
0.99934 0.98132 0.99407 0.99615 0.99864 0.98857 0.99940 0.97039 0.97041 0.93905 0.99979 0.99130 0.99902 0.99896 0.99842 0.99870 0.99916 0.99837 0.99921 0.99909 0.99886 0.97510 0.97810 0.98149 0.99209 0.99343 0.99934 0.99879 0.00000 0.99966 0.99804 0.99943 0.99928 0.90292 0.99295 0.99050 0.98969 0.97317
0.99955 0.99784 0.99749 0.99979 0.99874 0.99757 0.99934 0.99806 0.99790 0.99262 0.96843 0.99072 0.99519 0.99470 0.95153 0.99408 0.99649 0.96931 0.99848 0.99058 0.99899 0.99786 0.99567 0.99849 0.99748 0.99694 0.98223 0.99850 0.99966 0.00000 0.98022 0.99996 0.99911 0.98299 0.99771 0.99537 0.99668 0.99793
0.99917 0.99733 0.98935 0.99987 0.99824 0.99883 0.99996 0.99626 0.99689 0.98577 0.98630 0.99789 0.99875 0.99903 0.99857 0.99841 0.99947 0.99736 0.99918 0.99825 0.99750 0.99958 0.98766 0.99865 0.99267 0.98660 0.99287 0.99991 0.99804 0.98022 0.00000 0.99997 0.99692 0.96990 0.99670 0.97300 0.98596 0.99661
0.99895 0.99617 0.99922 0.98843 0.99994 0.99998 0.99880 0.99975 0.99966 0.99737 0.99910 0.99423 0.99855 0.99601 0.99361 0.99836 0.99619 0.99482 0.99895 0.99543 0.99951 0.99865 0.99649 0.99978 0.99970 0.99998 0.99438 0.93405 0.99943 0.99996 0.99997 0.00000 0.96685 0.99407 0.98939 0.99996 0.99996 0.99965
0.99930 0.99695 0.99735 0.97546 0.99683 0.99949 0.99595 0.98195 0.99741 0.98640 0.97328 0.98927 0.98806 0.99483 0.99202 0.99706 0.99069 0.98538 0.97409 0.99091 0.99707 0.99674 0.98481 0.98177 0.99744 0.99884 0.99397 0.96658 0.99928 0.99911 0.99692 0.96685 0.00000 0.99098 0.98952 0.99816 0.99732 0.99466
0.99286 0.82854 0.87065 0.96918 0.97384 0.96009 0.99375 0.90537 0.84222 0.75450 0.99332 0.92275 0.97784 0.98065 0.97901 0.98226 0.97898 0.97395 0.98666 0.97695 0.98561 0.98448 0.92751 0.90103 0.86550 0.71510 0.98259 0.99346 0.90292 0.98299 0.96990 0.99407 0.99098 0.00000 0.66516 0.69218 0.69974 0.85618
0.99729 0.98116 0.99158 0.98068 0.99474 0.97351 0.99636 0.99439 0.99232 0.97825 0.98748 0.97832 0.98867 0.97418 0.98076 0.99203 0.98563 0.98243 0.98545 0.98687 0.99297 0.98925 0.98529 0.98264 0.99565 0.99350 0.97369 0.98572 0.99295 0.99771 0.99670 0.98939 0.98952 0.66516 0.00000 0.98749 0.99257 0.99436
0.99967 0.98949 0.98221 0.99939 0.99910 0.99949 0.99933 0.97873 0.98860 0.79093 0.99559 0.99451 0.99763 0.99868 0.99766 0.98948 0.99709 0.99648 0.99677 0.99627 0.98839 0.99593 0.99175 0.99369 0.99105 0.01800 0.99705 0.99982 0.99050 0.99537 0.97300 0.99996 0.99816 0.69218 0.98749 0.00000 0.02226 0.95646
0.99942 0.98358 0.98982 0.99889 0.99857 0.99923 0.99952 0.96813 0.97012 0.76941 0.99758 0.99249 0.99863 0.99887 0.99831 0.99462 0.99860 0.99827 0.99872 0.99869 0.98672 0.99711 0.98926 0.98734 0.97323 0.00370 0.99768 0.99958 0.98969 0.99668 0.98596 0.99996 0.99732 0.69974 0.99257 0.02226 0.00000 0.88819
0.99829 0.94613 0.98487 0.99620 0.99625 0.99767 0.99880 0.87690 0.85100 0.81853 0.99913 0.98052 0.99703 0.99762 0.99754 0.99482 0.99720 0.99656 0.99814 0.99743 0.99746 0.99632 0.97537 0.96910 0.92990 0.95862 0.99741 0.99879 0.97317 0.99793 0.99661 0.99965 0.99466 0.85618 0.99436 0.95646 0.88819 0.00000
