0.00000 0.99613 0.99483 0.99177 0.98859 0.99978 0.99570 0.99696 0.98678 0.99928 0.99844 0.99731 0.99909 0.96856 0.99293 0.99896 0.99429 0.99206 0.99968 0.99834 0.99840 0.99981 0.99787
0.99613 0.00000 0.93610 0.97810 0.99044 0.99540 0.98843 0.98594 0.99502 0.97811 0.98623 0.99506 0.93997 0.97982 0.96943 0.96098 0.97005 0.96907 0.98666 0.98407 0.99645 0.99594 0.99037
0.99483 0.93610 0.00000 0.98324 0.99582 0.98665 0.99509 0.98511 0.99257 0.99084 0.97867 0.99440 0.99204 0.98969 0.97503 0.99220 0.98064 0.98294 0.99862 0.96881 0.99132 0.99027 0.98707
0.99177 0.97810 0.98324 0.00000 0.99984 0.99994 0.99958 0.99885 0.99582 0.99543 0.99945 0.99416 0.95920 0.99271 0.98734 0.99692 0.98944 0.98427 0.99977 0.98788 0.98062 0.99869 0.99067
0.98859 0.99044 0.99582 0.99984 0.00000 0.99963 0.99962 0.99952 0.98112 0.99926 0.99784 0.99751 0.99930 0.97114 0.97882 0.98540 0.96354 0.91874 0.99931 0.98593 0.99992 0.99978 0.99355
0.99978 0.99540 0.98665 0.99994 0.99963 0.00000 0.97718 0.99714 0.99932 0.99918 0.99576 0.99923 0.99910 0.99660 0.99336 0.99484 0.98294 0.98882 0.99963 0.99506 0.99927 0.99927 0.99244
0.99570 0.98843 0.99509 0.99958 0.99962 0.97718 0.00000 0.99518 0.99976 0.99974 0.99956 0.99027 0.99981 0.92919 0.96407 0.98390 0.83694 0.96860 0.97504 0.98918 0.99979 0.99928 0.95850
0.99696 0.98594 0.98511 0.99885 0.99952 0.99714 0.99518 0.00000 0.99886 0.97408 0.99742 0.99942 0.99925 0.98751 0.98331 0.99441 0.98312 0.98539 0.99655 0.99412 0.99966 0.99939 0.99738
0.98678 0.99502 0.99257 0.99582 0.98112 0.99932 0.99976 0.99886 0.00000 0.99770 0.99625 0.99689 0.99798 0.97786 0.99045 0.99795 0.99559 0.99417 0.99936 0.99794 0.98836 0.99964 0.99791
0.99928 0.97811 0.99084 0.99543 0.99926 0.99918 0.99974 0.97408 0.99770 0.00000 0.99651 0.99855 0.99576 0.98873 0.98856 0.99826 0.99000 0.97997 0.99956 0.99882 0.99622 0.99938 0.99605
0.99844 0.98623 0.97867 0.99945 0.99784 0.99576 0.99956 0.99742 0.99625 0.99651 0.00000 0.99441 0.99760 0.98914 0.99003 0.99283 0.98956 0.98621 0.99906 0.99375 0.99694 0.97365 0.98479
0.99731 0.99506 0.99440 0.99416 0.99751 0.99923 0.99027 0.99942 0.99689 0.99855 0.99441 0.00000 0.99845 0.99453 0.99594 0.99809 0.98686 0.99501 0.99959 0.99806 0.99067 0.99933 0.98850
0.99909 0.93997 0.99204 0.95920 0.99930 0.99910 0.99981 0.99925 0.99798 0.99576 0.99760 0.99845 0.00000 0.99713 0.99684 0.99812 0.99539 0.99557 0.99760 0.99864 0.99239 0.99945 0.99674
0.96856 0.97982 0.98969 0.99271 0.97114 0.99660 0.92919 0.98751 0.97786 0.98873 0.98914 0.99453 0.99713 0.00000 0.85547 0.97732 0.93581 0.94108 0.97775 0.97975 0.99831 0.99688 0.98737
0.99293 0.96943 0.97503 0.98734 0.97882 0.99336 0.96407 0.98331 0.99045 0.98856 0.99003 0.99594 0.99684 0.85547 0.00000 0.97070 0.93795 0.92499 0.97163 0.95434 0.99848 0.99433 0.98791
0.99896 0.96098 0.99220 0.99692 0.98540 0.99484 0.98390 0.99441 0.99795 0.99826 0.99283 0.99809 0.99812 0.97732 0.97070 0.00000 0.87764 0.69132 0.88889 0.98761 0.99961 0.99825 0.99326
0.99429 0.97005 0.98064 0.98944 0.96354 0.98294 0.83694 0.98312 0.99559 0.99000 0.98956 0.98686 0.99539 0.93581 0.93795 0.87764 0.00000 0.79718 0.91398 0.93866 0.99579 0.99509 0.98272
0.99206 0.96907 0.98294 0.98427 0.91874 0.98882 0.96860 0.98539 0.99417 0.97997 0.98621 0.99501 0.99557 0.94108 0.92499 0.69132 0.79718 0.00000 0.96204 0.94627 0.99826 0.99182 0.98266
0.99968 0.98666 0.99862 0.99977 0.99931 0.99963 0.97504 0.99655 0.99936 0.99956 0.99906 0.99959 0.99760 0.97775 0.97163 0.88889 0.91398 0.96204 0.00000 0.99338 0.99995 0.99847 0.99639
0.99834 0.98407 0.96881 0.98788 0.98593 0.99506 0.98918 0.99412 0.99794 0.99882 0.99375 0.99806 0.99864 0.97975 0.95434 0.98761 0.93866 0.94627 0.99338 0.00000 0.99889 0.99866 0.99321
0.99840 0.99645 0.99132 0.98062 0.99992 0.99927 0.99979 0.99966 0.98836 0.99622 0.99694 0.99067 0.99239 0.99831 0.99848 0.99961 0.99579 0.99826 0.99995 0.99889 0.00000 0.99650 0.98661
0.99981 0.99594 0.99027 0.99869 0.99978 0.99927 0.99928 0.99939 0.99964 0.99938 0.97365 0.99933 0.99945 0.99688 0.99433 0.99825 0.99509 0.99182 0.99847 0.99866 0.99650 0.00000 0.93297
0.99787 0.99037 0.98707 0.99067 0.99355 0.99244 0.95850 0.99738 0.99791 0.99605 0.98479 0.98850 0.99674 0.98737 0.98791 0.99326 0.98272 0.98266 0.99639 0.99321 0.98661 0.93297 0.00000
