0.00000 0.99394 0.99488 0.99049 0.99104 0.99798 0.99926 0.98005 0.99129 0.99114
0.99394 0.00000 0.93484 0.97766 0.99070 0.96327 0.94587 0.96026 0.95003 0.89748
0.99488 0.93484 0.00000 0.99411 0.98828 0.98589 0.99282 0.98359 0.89587 0.93638
0.99049 0.97766 0.99411 0.00000 0.99379 0.99982 0.95472 0.99452 0.99612 0.96339
0.99104 0.99070 0.98828 0.99379 0.00000 0.99239 0.99796 0.98588 0.98661 0.98678
0.99798 0.96327 0.98589 0.99982 0.99239 0.00000 0.99541 0.98121 0.99333 0.99047
0.99926 0.94587 0.99282 0.95472 0.99796 0.99541 0.00000 0.99820 0.99919 0.99370
0.98005 0.96026 0.98359 0.99452 0.98588 0.98121 0.99820 0.00000 0.86750 0.96073
0.99129 0.95003 0.89587 0.99612 0.98661 0.99333 0.99919 0.86750 0.00000 0.93489
0.99114 0.89748 0.93638 0.96339 0.98678 0.99047 0.99370 0.96073 0.93489 0.00000
