0.00000 1.00000 0.99598 1.00000 0.99971 0.99920 1.00000 0.99357 0.99637 0.99615 0.98152
1.00000 0.00000 1.00000 0.99995 0.98334 1.00000 0.99999 0.99998 0.99911 0.99999 1.00000
0.99598 1.00000 0.00000 0.99959 0.99941 0.99823 0.99987 0.99505 0.99560 0.99650 0.98396
1.00000 0.99995 0.99959 0.00000 0.94333 0.99963 1.59212 0.99951 0.95921 0.99979 0.99972
0.99971 0.98334 0.99941 0.94333 0.00000 0.99975 0.93716 0.99128 0.67872 0.99284 0.99772
0.99920 1.00000 0.99823 0.99963 0.99975 0.00000 0.99204 0.99688 0.99557 0.99969 0.99882
1.00000 0.99999 0.99987 1.59212 0.93716 0.99204 0.00000 0.96904 0.89286 0.22540 1.13329
0.99357 0.99998 0.99505 0.99951 0.99128 0.99688 0.96904 0.00000 0.96541 0.79407 0.98341
0.99637 0.99911 0.99560 0.95921 0.67872 0.99557 0.89286 0.96541 0.00000 0.94404 0.99243
0.99615 0.99999 0.99650 0.99979 0.99284 0.99969 0.22540 0.79407 0.94404 0.00000 0.99117
0.98152 1.00000 0.98396 0.99972 0.99772 0.99882 1.13329 0.98341 0.99243 0.99117 0.00000
