0.00000 1.00000 0.99898 1.00000 0.99971 0.98193
1.00000 0.00000 1.00000 0.99993 0.99061 0.99231
0.99898 1.00000 0.00000 0.99686 0.99921 0.98499
1.00000 0.99993 0.99686 0.00000 0.96692 0.98805
0.99971 0.99061 0.99921 0.96692 0.00000 0.92411
0.98193 0.99231 0.98499 0.98805 0.92411 0.00000
