0.00000 0.99322 0.99258 0.98743 0.99075 0.99906 0.99489 0.99672 0.98914 0.99798 0.99623 0.99934 0.97362 0.99265 0.99009 0.99746 0.99809
0.99322 0.00000 0.92074 0.96723 0.96467 0.98723 0.97229 0.97206 0.98895 0.96406 0.98879 0.93619 0.94825 0.93198 0.88754 0.99121 0.99255
0.99258 0.92074 0.00000 0.97743 0.99172 0.97316 0.99392 0.97618 0.98470 0.97977 0.99008 0.98910 0.97860 0.96056 0.93601 0.99244 0.99064
0.98743 0.96723 0.97743 0.00000 0.99987 0.99987 0.99891 0.99823 0.99548 0.99976 0.99207 0.97175 0.98950 0.98685 0.92106 0.95870 0.99337
0.99075 0.96467 0.99172 0.99987 0.00000 0.99846 0.99974 0.99811 0.98277 0.99703 0.99566 0.99994 0.96947 0.96887 0.99228 0.99997 0.99795
0.99906 0.98723 0.97316 0.99987 0.99846 0.00000 0.98491 0.99166 0.99749 0.99683 0.99844 0.99888 0.99030 0.98286 0.98938 0.99984 0.99844
0.99489 0.97229 0.99392 0.99891 0.99974 0.98491 0.00000 0.98896 0.99959 0.99959 0.99191 0.99985 0.87126 0.91769 0.90074 0.99978 0.99910
0.99672 0.97206 0.97618 0.99823 0.99811 0.99166 0.98896 0.00000 0.99626 0.97023 0.99789 0.99955 0.96607 0.95615 0.96999 0.99964 0.99817
0.98914 0.98895 0.98470 0.99548 0.98277 0.99749 0.99959 0.99626 0.00000 0.99247 0.99435 0.99793 0.97994 0.98846 0.98731 0.99955 0.99436
0.99798 0.96406 0.97977 0.99976 0.99703 0.99683 0.99959 0.97023 0.99247 0.00000 0.99692 0.99370 0.97912 0.97999 0.99586 0.99995 0.99253
0.99623 0.98879 0.99008 0.99207 0.99566 0.99844 0.99191 0.99789 0.99435 0.99692 0.00000 0.99910 0.98994 0.99240 0.99067 0.99827 0.99661
0.99934 0.93619 0.98910 0.97175 0.99994 0.99888 0.99985 0.99955 0.99793 0.99370 0.99910 0.00000 0.99774 0.99814 0.99298 0.99737 0.99608
0.97362 0.94825 0.97860 0.98950 0.96947 0.99030 0.87126 0.96607 0.97994 0.97912 0.98994 0.99774 0.00000 0.75202 0.93637 0.99657 0.99459
0.99265 0.93198 0.96056 0.98685 0.96887 0.98286 0.91769 0.95615 0.98846 0.97999 0.99240 0.99814 0.75202 0.00000 0.94499 0.99651 0.99586
0.99009 0.88754 0.93601 0.92106 0.99228 0.98938 0.90074 0.96999 0.98731 0.99586 0.99067 0.99298 0.93637 0.94499 0.00000 0.98130 0.97504
0.99746 0.99121 0.99244 0.95870 0.99997 0.99984 0.99978 0.99964 0.99955 0.99995 0.99827 0.99737 0.99657 0.99651 0.98130 0.00000 0.99525
0.99809 0.99255 0.99064 0.99337 0.99795 0.99844 0.99910 0.99817 0.99436 0.99253 0.99661 0.99608 0.99459 0.99586 0.97504 0.99525 0.00000
