0.00000 0.99988 0.99999 0.99969 0.99977 0.99998 0.99998 0.99998 0.99995 0.99997 0.99997 0.99997 0.99999 0.99999 0.99985 0.99978 0.63773 0.94972 0.93177 0.99993 1.00000 0.99994 0.99984 0.99995 0.99999 0.99998 0.99980
0.99988 0.00000 0.99357 0.93392 0.98336 0.99468 0.99435 0.98741 0.99117 0.99089 0.99338 0.95830 0.99546 0.99800 0.96471 0.95449 0.92937 0.90756 0.94493 0.98152 0.99673 0.99404 0.99472 0.99701 0.99343 0.99812 0.99076
0.99999 0.99357 0.00000 0.99398 0.99413 0.99345 0.98768 0.99939 0.99416 0.99693 0.98599 0.99901 0.99673 0.99962 0.97011 0.99278 0.96254 0.99466 0.99763 0.99767 0.99901 0.99758 0.99621 0.99789 0.99822 0.99861 0.99291
0.99969 0.93392 0.99398 0.00000 0.90610 0.97689 0.95916 0.98845 0.97099 0.97042 0.98923 0.95844 0.99136 0.91897 0.95157 0.93475 0.83380 0.92622 0.91875 0.97499 0.99504 0.98768 0.98387 0.99179 0.99270 0.96941 0.98145
0.99977 0.98336 0.99413 0.90610 0.00000 0.98381 0.99325 0.97966 0.99327 0.97973 0.98761 0.98397 0.99396 0.98994 0.98289 0.96686 0.81071 0.94986 0.98303 0.98185 0.99611 0.98657 0.98650 0.98906 0.99264 0.97216 0.97898
0.99998 0.99468 0.99345 0.97689 0.98381 0.00000 0.99991 0.99989 0.99969 0.99908 0.99753 0.99978 0.99579 0.96414 0.99349 0.98972 0.99035 0.98284 0.98737 0.98272 0.99506 0.99072 0.96388 0.98409 0.99490 0.97787 0.93238
0.99998 0.99435 0.98768 0.95916 0.99325 0.99991 0.00000 0.99881 0.99970 0.99892 0.97740 0.99843 0.99624 0.99994 0.96486 0.96761 0.88811 0.99230 0.99774 0.99773 0.99898 0.99711 0.99858 0.99868 0.99774 0.99987 0.99858
0.99998 0.98741 0.99939 0.98845 0.97966 0.99989 0.99881 0.00000 0.98846 0.99382 0.99814 0.99768 0.99896 0.99912 0.99292 0.98673 0.95003 0.97483 0.99631 0.98129 0.99951 0.99870 0.99928 0.99831 0.99892 0.99969 0.99781
0.99995 0.99117 0.99416 0.97099 0.99327 0.99969 0.99970 0.98846 0.00000 0.99113 0.99960 0.99959 0.99367 0.99986 0.86795 0.92981 0.92842 0.94259 0.99604 0.98589 0.99992 0.99962 0.99938 0.99974 0.99860 0.99987 0.99884
0.99997 0.99089 0.99693 0.97042 0.97973 0.99908 0.99892 0.99382 0.99113 0.00000 0.99747 0.96738 0.99890 0.99965 0.97289 0.96328 0.91081 0.97541 0.99599 0.98926 0.99909 0.99777 0.99839 0.99904 0.99826 0.99908 0.99723
0.99997 0.99338 0.98599 0.98923 0.98761 0.99753 0.97740 0.99814 0.99960 0.99747 0.00000 0.99457 0.99569 0.99893 0.97767 0.98948 0.95635 0.98866 0.99459 0.99694 0.99811 0.99435 0.99650 0.99578 0.99663 0.99919 0.98363
0.99997 0.95830 0.99901 0.95844 0.98397 0.99978 0.99843 0.99768 0.99959 0.96738 0.99457 0.00000 0.99857 0.99453 0.98152 0.98124 0.92473 0.98976 0.98813 0.99556 0.99873 0.99681 0.99837 0.99882 0.99760 0.99977 0.98321
0.99999 0.99546 0.99673 0.99136 0.99396 0.99579 0.99624 0.99896 0.99367 0.99890 0.99569 0.99857 0.00000 0.99942 0.99299 0.99524 0.99614 0.98689 0.99506 0.99551 0.99816 0.99671 0.99448 0.99621 0.99624 0.99894 0.98531
0.99999 0.99800 0.99962 0.91897 0.98994 0.96414 0.99994 0.99912 0.99986 0.99965 0.99893 0.99453 0.99942 0.00000 0.99826 0.99835 0.97879 0.99639 0.99498 0.99765 0.99945 0.99904 0.99590 0.99512 0.99912 0.99769 0.97801
0.99985 0.96471 0.97011 0.95157 0.98289 0.99349 0.96486 0.99292 0.86795 0.97289 0.97767 0.98152 0.99299 0.99826 0.00000 0.76705 0.86353 0.94834 0.99279 0.94646 0.99400 0.98887 0.99182 0.99678 0.99187 0.99773 0.98502
0.99978 0.95449 0.99278 0.93475 0.96686 0.98972 0.96761 0.98673 0.92981 0.96328 0.98948 0.98124 0.99524 0.99835 0.76705 0.00000 0.80403 0.93162 0.99292 0.95603 0.99377 0.99207 0.99239 0.99665 0.99320 0.99811 0.99117
0.63773 0.92937 0.96254 0.83380 0.81071 0.99035 0.88811 0.95003 0.92842 0.91081 0.95635 0.92473 0.99614 0.97879 0.86353 0.80403 0.00000 0.83333 0.91361 0.93250 0.98833 0.88726 0.83406 0.95422 0.98006 0.94814 0.90486
0.94972 0.90756 0.99466 0.92622 0.94986 0.98284 0.99230 0.97483 0.94259 0.97541 0.98866 0.98976 0.98689 0.99639 0.94834 0.93162 0.83333 0.00000 0.86515 0.95378 0.99016 0.98660 0.98678 0.99042 0.98527 0.99483 0.97484
0.93177 0.94493 0.99763 0.91875 0.98303 0.98737 0.99774 0.99631 0.99604 0.99599 0.99459 0.98813 0.99506 0.99498 0.99279 0.99292 0.91361 0.86515 0.00000 0.99024 0.99748 0.99321 0.99166 0.99403 0.99573 0.99630 0.98463
0.99993 0.98152 0.99767 0.97499 0.98185 0.98272 0.99773 0.98129 0.98589 0.98926 0.99694 0.99556 0.99551 0.99765 0.94646 0.95603 0.93250 0.95378 0.99024 0.00000 0.99726 0.99508 0.99116 0.99477 0.99695 0.99509 0.98294
1.00000 0.99673 0.99901 0.99504 0.99611 0.99506 0.99898 0.99951 0.99992 0.99909 0.99811 0.99873 0.99816 0.99945 0.99400 0.99377 0.98833 0.99016 0.99748 0.99726 0.00000 0.94918 0.94489 0.98480 0.96593 0.96632 0.99384
0.99994 0.99404 0.99758 0.98768 0.98657 0.99072 0.99711 0.99870 0.99962 0.99777 0.99435 0.99681 0.99671 0.99904 0.98887 0.99207 0.88726 0.98660 0.99321 0.99508 0.94918 0.00000 0.58415 0.95675 0.90331 0.75369 0.97513
0.99984 0.99472 0.99621 0.98387 0.98650 0.96388 0.99858 0.99928 0.99938 0.99839 0.99650 0.99837 0.99448 0.99590 0.99182 0.99239 0.83406 0.98678 0.99166 0.99116 0.94489 0.58415 0.00000 0.92155 0.89776 0.72732 0.96160
0.99995 0.99701 0.99789 0.99179 0.98906 0.98409 0.99868 0.99831 0.99974 0.99904 0.99578 0.99882 0.99621 0.99512 0.99678 0.99665 0.95422 0.99042 0.99403 0.99477 0.98480 0.95675 0.92155 0.00000 0.97004 0.94314 0.94706
0.99999 0.99343 0.99822 0.99270 0.99264 0.99490 0.99774 0.99892 0.99860 0.99826 0.99663 0.99760 0.99624 0.99912 0.99187 0.99320 0.98006 0.98527 0.99573 0.99695 0.96593 0.90331 0.89776 0.97004 0.00000 0.94508 0.99108
0.99998 0.99812 0.99861 0.96941 0.97216 0.97787 0.99987 0.99969 0.99987 0.99908 0.99919 0.99977 0.99894 0.99769 0.99773 0.99811 0.94814 0.99483 0.99630 0.99509 0.96632 0.75369 0.72732 0.94314 0.94508 0.00000 0.97376
0.99980 0.99076 0.99291 0.98145 0.97898 0.93238 0.99858 0.99781 0.99884 0.99723 0.98363 0.98321 0.98531 0.97801 0.98502 0.99117 0.90486 0.97484 0.98463 0.98294 0.99384 0.97513 0.96160 0.94706 0.99108 0.97376 0.00000
