0.00000 1.00000 0.99715 0.99999 0.99947 0.98924
1.00000 0.00000 1.00000 0.99995 0.98503 0.99885
0.99715 1.00000 0.00000 0.99865 0.99849 0.98526
0.99999 0.99995 0.99865 0.00000 0.94922 0.97478
0.99947 0.98503 0.99849 0.94922 0.00000 0.84137
0.98924 0.99885 0.98526 0.97478 0.84137 0.00000
