0.00000 0.99509 0.99493 0.98559 0.99265 0.99973 0.99470 0.99684 0.99225 0.99894 0.99803 0.99723 0.99853 0.97655 0.99479 0.98831
0.99509 0.00000 0.92285 0.96314 0.97662 0.99165 0.97546 0.97492 0.99357 0.96890 0.97664 0.99199 0.94176 0.95587 0.93916 0.94720
0.99493 0.92285 0.00000 0.97183 0.99664 0.97469 0.99451 0.98129 0.98957 0.97652 0.96984 0.99160 0.98471 0.98462 0.96928 0.84517
0.98559 0.96314 0.97183 0.00000 0.99984 0.99969 0.99931 0.99799 0.99489 0.99182 0.99814 0.99089 0.95588 0.98848 0.98318 0.88833
0.99265 0.97662 0.99664 0.99984 0.00000 0.99955 0.99965 0.99937 0.98807 0.99906 0.99802 0.99806 0.99909 0.97227 0.96234 0.99701
0.99973 0.99165 0.97469 0.99969 0.99955 0.00000 0.98365 0.99495 0.99889 0.99737 0.98794 0.99927 0.99778 0.99431 0.98883 0.93990
0.99470 0.97546 0.99451 0.99931 0.99965 0.98365 0.00000 0.98902 0.99979 0.99959 0.99929 0.99414 0.99974 0.87046 0.91560 0.96387
0.99684 0.97492 0.98129 0.99799 0.99937 0.99495 0.98902 0.00000 0.99836 0.97001 0.99480 0.99932 0.99872 0.96988 0.95969 0.97640
0.99225 0.99357 0.98957 0.99489 0.98807 0.99889 0.99979 0.99836 0.00000 0.99558 0.99352 0.99749 0.99648 0.98618 0.99285 0.99555
0.99894 0.96890 0.97652 0.99182 0.99906 0.99737 0.99959 0.97001 0.99558 0.00000 0.99632 0.99819 0.98362 0.98487 0.98476 0.99182
0.99803 0.97664 0.96984 0.99814 0.99802 0.98794 0.99929 0.99480 0.99352 0.99632 0.00000 0.99333 0.99712 0.98565 0.98299 0.92862
0.99723 0.99199 0.99160 0.99089 0.99806 0.99927 0.99414 0.99932 0.99749 0.99819 0.99333 0.00000 0.99784 0.99398 0.99339 0.99307
0.99853 0.94176 0.98471 0.95588 0.99909 0.99778 0.99974 0.99872 0.99648 0.98362 0.99712 0.99784 0.00000 0.99519 0.99562 0.98840
0.97655 0.95587 0.98462 0.98848 0.97227 0.99431 0.87046 0.96988 0.98618 0.98487 0.98565 0.99398 0.99519 0.00000 0.75802 0.96455
0.99479 0.93916 0.96928 0.98318 0.96234 0.98883 0.91560 0.95969 0.99285 0.98476 0.98299 0.99339 0.99562 0.75802 0.00000 0.90280
0.98831 0.94720 0.84517 0.88833 0.99701 0.93990 0.96387 0.97640 0.99555 0.99182 0.92862 0.99307 0.98840 0.96455 0.90280 0.00000
