0.00000 1.00000 0.99999 0.99999 0.99998 1.00000 1.00000 1.00000 1.00000 1.00000 1.00000 1.00000 1.00000 1.00000 1.00000 1.00000 0.99993 0.76821 0.93913 0.99988
1.00000 0.00000 0.99345 0.99331 0.98769 0.98843 0.99941 0.99506 0.99749 0.98769 0.99835 0.99649 0.99680 0.99809 0.97114 0.99229 0.98973 0.99104 0.99632 0.99746
0.99999 0.99345 0.00000 0.90946 0.96472 0.97162 0.98520 0.96294 0.96641 0.98902 0.96435 0.97112 0.99123 0.92805 0.93649 0.91628 0.89075 0.98552 0.99006 0.99324
0.99999 0.99331 0.90946 0.00000 0.97711 0.99290 0.96032 0.99458 0.97314 0.98559 0.97490 0.95886 0.99140 0.98467 0.97819 0.96270 0.91232 0.98652 0.98843 0.99425
0.99998 0.98769 0.96472 0.97711 0.00000 0.99981 0.99989 0.99946 0.99831 0.99562 0.99311 0.99882 0.99226 0.96852 0.99047 0.98777 0.96779 0.92525 0.96256 0.96937
1.00000 0.98843 0.97162 0.99290 0.99981 0.00000 0.99895 0.99945 0.99857 0.98089 0.99785 0.99528 0.99630 0.99793 0.96583 0.96321 0.97863 0.99755 0.99918 0.99993
1.00000 0.99941 0.98520 0.96032 0.99989 0.99895 0.00000 0.98748 0.99230 0.99827 0.99705 0.98120 0.99900 0.99783 0.99150 0.98359 0.96120 0.99414 0.99848 0.99964
1.00000 0.99506 0.96294 0.99458 0.99946 0.99945 0.98748 0.00000 0.98481 0.99957 0.99941 0.99901 0.99423 0.99962 0.85081 0.89010 0.88705 0.99504 0.99841 0.99954
1.00000 0.99749 0.96641 0.97314 0.99831 0.99857 0.99230 0.98481 0.00000 0.99720 0.96759 0.99140 0.99863 0.99816 0.96101 0.94811 0.94916 0.99657 0.99880 0.99933
1.00000 0.98769 0.98902 0.98559 0.99562 0.98089 0.99827 0.99957 0.99720 0.00000 0.99425 0.99278 0.99555 0.99582 0.97831 0.98849 0.98455 0.98897 0.99361 0.99826
1.00000 0.99835 0.96435 0.97490 0.99311 0.99785 0.99705 0.99941 0.96759 0.99425 0.00000 0.99451 0.99744 0.98389 0.98314 0.98416 0.97347 0.99571 0.99428 0.99866
1.00000 0.99649 0.97112 0.95886 0.99882 0.99528 0.98120 0.99901 0.99140 0.99278 0.99451 0.00000 0.99275 0.99530 0.98055 0.97795 0.95152 0.99210 0.99441 0.99819
1.00000 0.99680 0.99123 0.99140 0.99226 0.99630 0.99900 0.99423 0.99863 0.99555 0.99744 0.99275 0.00000 0.99728 0.99217 0.99299 0.98322 0.98950 0.99454 0.99596
1.00000 0.99809 0.92805 0.98467 0.96852 0.99793 0.99783 0.99962 0.99816 0.99582 0.98389 0.99530 0.99728 0.00000 0.99360 0.99422 0.98385 0.98554 0.99102 0.99672
1.00000 0.97114 0.93649 0.97819 0.99047 0.96583 0.99150 0.85081 0.96101 0.97831 0.98314 0.98055 0.99217 0.99360 0.00000 0.71979 0.86783 0.99255 0.99502 0.99774
1.00000 0.99229 0.91628 0.96270 0.98777 0.96321 0.98359 0.89010 0.94811 0.98849 0.98416 0.97795 0.99299 0.99422 0.71979 0.00000 0.84800 0.99131 0.99471 0.99787
0.99993 0.98973 0.89075 0.91232 0.96779 0.97863 0.96120 0.88705 0.94916 0.98455 0.97347 0.95152 0.98322 0.98385 0.86783 0.84800 0.00000 0.98018 0.86887 0.87823
0.76821 0.99104 0.98552 0.98652 0.92525 0.99755 0.99414 0.99504 0.99657 0.98897 0.99571 0.99210 0.98950 0.98554 0.99255 0.99131 0.98018 0.00000 0.93580 0.97852
0.93913 0.99632 0.99006 0.98843 0.96256 0.99918 0.99848 0.99841 0.99880 0.99361 0.99428 0.99441 0.99454 0.99102 0.99502 0.99471 0.86887 0.93580 0.00000 0.54676
0.99988 0.99746 0.99324 0.99425 0.96937 0.99993 0.99964 0.99954 0.99933 0.99826 0.99866 0.99819 0.99596 0.99672 0.99774 0.99787 0.87823 0.97852 0.54676 0.00000
