0.00000 0.99991 1.00000 1.00000 1.00000 0.99999 0.99999 0.94305
0.99991 0.00000 0.92336 0.95886 0.98264 0.98532 0.98396 0.93380
1.00000 0.92336 0.00000 0.98462 0.98901 0.99672 0.84803 0.99503
1.00000 0.95886 0.98462 0.00000 0.98958 0.97281 0.99619 0.99640
1.00000 0.98264 0.98901 0.98958 0.00000 0.99807 0.99930 0.99718
0.99999 0.98532 0.99672 0.97281 0.99807 0.00000 0.99496 0.97676
0.99999 0.98396 0.84803 0.99619 0.99930 0.99496 0.00000 0.99325
0.94305 0.93380 0.99503 0.99640 0.99718 0.97676 0.99325 0.00000
