0.00000 0.94827 0.99582 0.99036 0.99993 0.99974 0.99856 0.98565 0.96291
0.94827 0.00000 0.99491 0.99606 0.99986 0.97169 0.99869 0.98228 0.93880
0.99582 0.99491 0.00000 0.94527 0.99995 0.99992 0.99948 0.99485 0.97748
0.99036 0.99606 0.94527 0.00000 0.99998 0.99994 0.99940 0.99183 0.98834
0.99993 0.99986 0.99995 0.99998 0.00000 0.99983 1.00000 0.99757 0.35287
0.99974 0.97169 0.99992 0.99994 0.99983 0.00000 0.99999 0.89740 0.81831
0.99856 0.99869 0.99948 0.99940 1.00000 0.99999 0.00000 0.99743 0.99567
0.98565 0.98228 0.99485 0.99183 0.99757 0.89740 0.99743 0.00000 0.50611
0.96291 0.93880 0.97748 0.98834 0.35287 0.81831 0.99567 0.50611 0.00000
