0.00000 0.99855 0.99669 0.99994 0.99439 0.99857 0.98598
0.99855 0.00000 0.86228 0.98891 0.98725 0.97391 0.98584
0.99669 0.86228 0.00000 0.86852 0.99042 0.94439 0.99591
0.99994 0.98891 0.86852 0.00000 0.99881 0.99500 0.99854
0.99439 0.98725 0.99042 0.99881 0.00000 0.99690 0.99801
0.99857 0.97391 0.94439 0.99500 0.99690 0.00000 0.99725
0.98598 0.98584 0.99591 0.99854 0.99801 0.99725 0.00000
