0.00000 0.99999 1.00000 0.99999 0.99999 1.00000 1.00000 1.00000 0.99998 0.99999 0.96179 0.99997
0.99999 0.00000 0.99052 0.95623 0.99567 0.99563 0.99396 0.99712 0.97164 0.98945 0.95811 0.99848
1.00000 0.99052 0.00000 0.99680 0.99545 0.99449 0.99724 0.99922 0.94108 0.98560 0.99123 0.99829
0.99999 0.95623 0.99680 0.00000 0.95083 0.98556 0.96539 0.99146 0.97006 0.98560 0.96519 0.99606
0.99999 0.99567 0.99545 0.95083 0.00000 0.99658 0.98399 0.98761 0.98760 0.91509 0.95946 0.99560
1.00000 0.99563 0.99449 0.98556 0.99658 0.00000 0.99986 0.98387 0.99142 0.99633 0.98619 0.98863
1.00000 0.99396 0.99724 0.96539 0.98399 0.99986 0.00000 0.99500 0.96901 0.99367 0.98379 0.99805
1.00000 0.99712 0.99922 0.99146 0.98761 0.98387 0.99500 0.00000 0.99824 0.99956 0.99361 0.99763
0.99998 0.97164 0.94108 0.97006 0.98760 0.99142 0.96901 0.99824 0.00000 0.93564 0.93007 0.99604
0.99999 0.98945 0.98560 0.98560 0.91509 0.99633 0.99367 0.99956 0.93564 0.00000 0.93971 0.99485
0.96179 0.95811 0.99123 0.96519 0.95946 0.98619 0.98379 0.99361 0.93007 0.93971 0.00000 0.83819
0.99997 0.99848 0.99829 0.99606 0.99560 0.98863 0.99805 0.99763 0.99604 0.99485 0.83819 0.00000
