0.00000 0.77763 0.99161 0.98822 0.96367 0.99154 0.99822 0.99213 0.99805 0.99896 0.99786 0.99937 0.99568 0.99748 0.99928 0.99865 0.98523 0.99321 0.88731 0.99902 0.99287
0.77763 0.00000 0.99432 0.98342 0.94552 0.99509 0.99528 0.98803 0.99688 0.99652 0.99477 0.99877 0.99574 0.99506 0.99945 0.99543 0.98896 0.98507 0.91526 0.99862 0.98981
0.99161 0.99432 0.00000 0.98171 0.99298 0.99483 0.99870 0.97305 0.99411 0.99757 0.98323 0.99884 0.97901 0.99552 0.99753 0.99505 0.99265 0.99923 0.97597 0.99721 0.97398
0.98822 0.98342 0.98171 0.00000 0.92488 0.99452 0.99082 0.99728 0.99882 0.99952 0.99898 0.99970 0.99865 0.99916 0.99983 0.99921 0.96186 0.98217 0.90664 0.99925 0.98231
0.96367 0.94552 0.99298 0.92488 0.00000 0.97923 0.98097 0.99618 0.99848 0.99867 0.99813 0.99914 0.99899 0.99837 0.99973 0.99888 0.98545 0.93151 0.81570 0.99898 0.96181
0.99154 0.99509 0.99483 0.99452 0.97923 0.00000 0.99702 0.99599 0.99943 0.99977 0.99907 0.99986 0.99912 0.99958 0.99997 0.99950 0.99473 0.99660 0.85095 0.99952 0.98908
0.99822 0.99528 0.99870 0.99082 0.98097 0.99702 0.00000 0.99777 0.99824 0.99908 0.99809 0.99975 0.99796 0.99841 0.99992 0.99831 0.99811 0.99308 0.98232 0.99863 0.98715
0.99213 0.98803 0.97305 0.99728 0.99618 0.99599 0.99777 0.00000 0.88096 0.76643 0.69106 0.80915 0.73851 0.83727 0.91678 0.85454 0.99366 0.99885 0.98251 0.99542 0.99512
0.99805 0.99688 0.99411 0.99882 0.99848 0.99943 0.99824 0.88096 0.00000 0.91056 0.82907 0.95187 0.63142 0.60091 0.81273 0.51069 0.99987 0.99952 0.99162 0.98853 0.99945
0.99896 0.99652 0.99757 0.99952 0.99867 0.99977 0.99908 0.76643 0.91056 0.00000 0.34023 0.98710 0.91492 0.65260 0.98643 0.79191 0.99974 0.99987 0.99569 0.99719 0.99974
0.99786 0.99477 0.98323 0.99898 0.99813 0.99907 0.99809 0.69106 0.82907 0.34023 0.00000 0.96626 0.56043 0.61188 0.96649 0.70539 0.99925 0.99969 0.99013 0.99481 0.99889
0.99937 0.99877 0.99884 0.99970 0.99914 0.99986 0.99975 0.80915 0.95187 0.98710 0.96626 0.00000 0.77111 0.90249 0.98413 0.93107 0.99984 0.99986 0.99813 0.99790 0.99985
0.99568 0.99574 0.97901 0.99865 0.99899 0.99912 0.99796 0.73851 0.63142 0.91492 0.56043 0.77111 0.00000 0.74313 0.75736 0.71988 0.99905 0.99974 0.99271 0.99638 0.99881
0.99748 0.99506 0.99552 0.99916 0.99837 0.99958 0.99841 0.83727 0.60091 0.65260 0.61188 0.90249 0.74313 0.00000 0.85765 0.48914 0.99970 0.99975 0.99315 0.99145 0.99880
0.99928 0.99945 0.99753 0.99983 0.99973 0.99997 0.99992 0.91678 0.81273 0.98643 0.96649 0.98413 0.75736 0.85765 0.00000 0.89990 0.99979 0.99994 0.99837 0.99910 0.99985
0.99865 0.99543 0.99505 0.99921 0.99888 0.99950 0.99831 0.85454 0.51069 0.79191 0.70539 0.93107 0.71988 0.48914 0.89990 0.00000 0.99978 0.99989 0.99341 0.99073 0.99943
0.98523 0.98896 0.99265 0.96186 0.98545 0.99473 0.99811 0.99366 0.99987 0.99974 0.99925 0.99984 0.99905 0.99970 0.99979 0.99978 0.00000 0.99760 0.92323 0.99973 0.98847
0.99321 0.98507 0.99923 0.98217 0.93151 0.99660 0.99308 0.99885 0.99952 0.99987 0.99969 0.99986 0.99974 0.99975 0.99994 0.99989 0.99760 0.00000 0.83464 0.99973 0.99767
0.88731 0.91526 0.97597 0.90664 0.81570 0.85095 0.98232 0.98251 0.99162 0.99569 0.99013 0.99813 0.99271 0.99315 0.99837 0.99341 0.92323 0.83464 0.00000 0.99558 0.96919
0.99902 0.99862 0.99721 0.99925 0.99898 0.99952 0.99863 0.99542 0.98853 0.99719 0.99481 0.99790 0.99638 0.99145 0.99910 0.99073 0.99973 0.99973 0.99558 0.00000 0.99896
0.99287 0.98981 0.97398 0.98231 0.96181 0.98908 0.98715 0.99512 0.99945 0.99974 0.99889 0.99985 0.99881 0.99880 0.99985 0.99943 0.98847 0.99767 0.96919 0.99896 0.00000
