0.00000 0.99261 0.99353 0.98439 0.98866 0.99972 0.99520 0.99784 0.98744 0.99939 0.99732 0.99922 0.96235 0.99394 0.98389 0.99942 0.99918 0.98523 0.99491 0.99756 0.99378
0.99261 0.00000 0.91013 0.94976 0.96668 0.99280 0.97402 0.97980 0.99187 0.96069 0.99130 0.90443 0.95226 0.94494 0.91246 0.90805 0.94798 0.81069 0.95227 0.97265 0.97627
0.99353 0.91013 0.00000 0.97115 0.99457 0.98827 0.99529 0.98622 0.99117 0.99176 0.99427 0.98957 0.98427 0.97735 0.96100 0.99311 0.91029 0.80570 0.97661 0.98487 0.98169
0.98439 0.94976 0.97115 0.00000 0.99975 0.99987 0.99930 0.99806 0.99601 0.99983 0.99106 0.95900 0.98664 0.98546 0.97183 0.99942 0.99675 0.90550 0.95788 0.98417 0.91597
0.98866 0.96668 0.99457 0.99975 0.00000 0.99949 0.99970 0.99939 0.97977 0.99905 0.99727 0.99994 0.95992 0.97679 0.90273 0.99906 0.99846 0.99213 0.99778 0.91634 0.99904
0.99972 0.99280 0.98827 0.99987 0.99949 0.00000 0.98598 0.99708 0.99908 0.99896 0.99941 0.99931 0.99517 0.99368 0.97898 0.99955 0.95183 0.91594 0.99603 0.98906 0.99631
0.99520 0.97402 0.99529 0.99930 0.99970 0.98598 0.00000 0.99206 0.99970 0.99975 0.99497 0.99985 0.86845 0.94356 0.89860 0.99931 0.99835 0.90394 0.96900 0.99335 0.99921
0.99784 0.97980 0.98622 0.99806 0.99939 0.99708 0.99206 0.00000 0.99857 0.97739 0.99929 0.99974 0.97439 0.97506 0.96126 0.99694 0.97121 0.95137 0.99491 0.99428 0.99771
0.98744 0.99187 0.99117 0.99601 0.97977 0.99908 0.99970 0.99857 0.00000 0.99674 0.99676 0.99896 0.97472 0.99167 0.98850 0.99558 0.99362 0.97756 0.99624 0.99567 0.99480
0.99939 0.96069 0.99176 0.99983 0.99905 0.99896 0.99975 0.97739 0.99674 0.00000 0.99908 0.99773 0.98088 0.98599 0.97401 0.66697 0.99778 0.98479 0.99438 0.99670 0.99768
0.99732 0.99130 0.99427 0.99106 0.99727 0.99941 0.99497 0.99929 0.99676 0.99908 0.00000 0.99918 0.99276 0.99627 0.98573 0.99918 0.99854 0.97705 0.99426 0.99462 0.99428
0.99922 0.90443 0.98957 0.95900 0.99994 0.99931 0.99985 0.99974 0.99896 0.99773 0.99918 0.00000 0.99777 0.99827 0.97926 0.99907 0.99910 0.98462 0.99615 0.99634 0.99247
0.96235 0.95226 0.98427 0.98664 0.95992 0.99517 0.86845 0.97439 0.97472 0.98088 0.99276 0.99777 0.00000 0.78240 0.87344 0.97152 0.98750 0.87718 0.97493 0.96825 0.99150
0.99394 0.94494 0.97735 0.98546 0.97679 0.99368 0.94356 0.97506 0.99167 0.98599 0.99627 0.99827 0.78240 0.00000 0.86102 0.97240 0.98132 0.88770 0.97992 0.96665 0.99379
0.98389 0.91246 0.96100 0.97183 0.90273 0.97898 0.89860 0.96126 0.98850 0.97401 0.98573 0.97926 0.87344 0.86102 0.00000 0.95366 0.93849 0.77938 0.89894 0.92299 0.98148
0.99942 0.90805 0.99311 0.99942 0.99906 0.99955 0.99931 0.99694 0.99558 0.66697 0.99918 0.99907 0.97152 0.97240 0.95366 0.00000 0.99833 0.94898 0.96528 0.99793 0.99484
0.99918 0.94798 0.91029 0.99675 0.99846 0.95183 0.99835 0.97121 0.99362 0.99778 0.99854 0.99910 0.98750 0.98132 0.93849 0.99833 0.00000 0.71984 0.98151 0.96601 0.98548
0.98523 0.81069 0.80570 0.90550 0.99213 0.91594 0.90394 0.95137 0.97756 0.98479 0.97705 0.98462 0.87718 0.88770 0.77938 0.94898 0.71984 0.00000 0.63863 0.90515 0.69889
0.99491 0.95227 0.97661 0.95788 0.99778 0.99603 0.96900 0.99491 0.99624 0.99438 0.99426 0.99615 0.97493 0.97992 0.89894 0.96528 0.98151 0.63863 0.00000 0.99188 0.97784
0.99756 0.97265 0.98487 0.98417 0.91634 0.98906 0.99335 0.99428 0.99567 0.99670 0.99462 0.99634 0.96825 0.96665 0.92299 0.99793 0.96601 0.90515 0.99188 0.00000 0.99023
0.99378 0.97627 0.98169 0.91597 0.99904 0.99631 0.99921 0.99771 0.99480 0.99768 0.99428 0.99247 0.99150 0.99379 0.98148 0.99484 0.98548 0.69889 0.97784 0.99023 0.00000
