0.00000 0.99510 0.99475 0.98600 0.99265 0.99974 0.99494 0.99745 0.99223 0.99895 0.99805 0.99723 0.99852 0.97660 0.99474 0.99727
0.99510 0.00000 0.92334 0.96281 0.97659 0.99180 0.97537 0.97610 0.99354 0.96991 0.97772 0.99301 0.94207 0.95496 0.93857 0.95132
0.99475 0.92334 0.00000 0.97344 0.99665 0.97555 0.99317 0.97915 0.98999 0.98176 0.97088 0.99185 0.98678 0.98428 0.96471 0.94313
0.98600 0.96281 0.97344 0.00000 0.99983 0.99991 0.99953 0.99801 0.99225 0.99208 0.99828 0.98969 0.95314 0.98717 0.98074 0.99437
0.99265 0.97659 0.99665 0.99983 0.00000 0.99955 0.99966 0.99937 0.98807 0.99906 0.99803 0.99806 0.99909 0.97237 0.96243 0.99962
0.99974 0.99180 0.97555 0.99991 0.99955 0.00000 0.98445 0.99493 0.99905 0.99811 0.98802 0.99928 0.99818 0.99443 0.98899 0.98665
0.99494 0.97537 0.99317 0.99953 0.99966 0.98445 0.00000 0.98945 0.99976 0.99963 0.99937 0.99437 0.99977 0.86738 0.91738 0.97078
0.99745 0.97610 0.97915 0.99801 0.99937 0.99493 0.98945 0.00000 0.99834 0.97001 0.99482 0.99931 0.99880 0.96988 0.95969 0.98529
0.99223 0.99354 0.98999 0.99225 0.98807 0.99905 0.99976 0.99834 0.00000 0.99624 0.99345 0.99726 0.99642 0.98604 0.99223 0.99552
0.99895 0.96991 0.98176 0.99208 0.99906 0.99811 0.99963 0.97001 0.99624 0.00000 0.99630 0.99815 0.98854 0.98561 0.98497 0.99896
0.99805 0.97772 0.97088 0.99828 0.99803 0.98802 0.99937 0.99482 0.99345 0.99630 0.00000 0.99455 0.99699 0.98398 0.98303 0.98913
0.99723 0.99301 0.99185 0.98969 0.99806 0.99928 0.99437 0.99931 0.99726 0.99815 0.99455 0.00000 0.99761 0.99382 0.99309 0.99831
0.99852 0.94207 0.98678 0.95314 0.99909 0.99818 0.99977 0.99880 0.99642 0.98854 0.99699 0.99761 0.00000 0.99529 0.99523 0.99891
0.97660 0.95496 0.98428 0.98717 0.97237 0.99443 0.86738 0.96988 0.98604 0.98561 0.98398 0.99382 0.99529 0.00000 0.75787 0.97000
0.99474 0.93857 0.96471 0.98074 0.96243 0.98899 0.91738 0.95969 0.99223 0.98497 0.98303 0.99309 0.99523 0.75787 0.00000 0.95830
0.99727 0.95132 0.94313 0.99437 0.99962 0.98665 0.97078 0.98529 0.99552 0.99896 0.98913 0.99831 0.99891 0.97000 0.95830 0.00000
