0.00000 0.99550 0.99528 0.98647 0.98998 0.99983 0.99472 0.99729 0.98991 0.99919 0.99821 0.99765 0.99882 0.97342 0.99419 0.99788 0.99772 0.97820 0.99923
0.99550 0.00000 0.92710 0.96645 0.98342 0.99510 0.97915 0.98054 0.99478 0.96915 0.98097 0.99370 0.94152 0.96603 0.95352 0.95773 0.99330 0.91721 0.96125
0.99528 0.92710 0.00000 0.97505 0.99662 0.98594 0.99458 0.98258 0.99192 0.98603 0.97563 0.99420 0.98954 0.98696 0.97294 0.97471 0.96360 0.91819 0.98679
0.98647 0.96645 0.97505 0.00000 0.99984 0.99992 0.99960 0.99826 0.99685 0.99242 0.99884 0.99231 0.95443 0.99057 0.98601 0.99064 0.97888 0.96867 0.99831
0.98998 0.98342 0.99662 0.99984 0.00000 0.99960 0.99957 0.99954 0.98411 0.99938 0.99847 0.99793 0.99940 0.97283 0.97124 0.99848 0.99984 0.96059 0.96608
0.99983 0.99510 0.98594 0.99992 0.99960 0.00000 0.98293 0.99701 0.99940 0.99846 0.99276 0.99946 0.99882 0.99602 0.99243 0.98938 0.99807 0.97261 0.95292
0.99472 0.97915 0.99458 0.99960 0.99957 0.98293 0.00000 0.99249 0.99978 0.99964 0.99909 0.99496 0.99978 0.88112 0.93717 0.93971 0.99904 0.95727 0.95993
0.99729 0.98054 0.98258 0.99826 0.99954 0.99701 0.99249 0.00000 0.99876 0.96961 0.99596 0.99952 0.99917 0.97800 0.97003 0.98733 0.99820 0.96428 0.98090
0.98991 0.99478 0.99192 0.99685 0.98411 0.99940 0.99978 0.99876 0.00000 0.99730 0.99635 0.99767 0.99803 0.98358 0.99257 0.99730 0.99869 0.98862 0.99871
0.99919 0.96915 0.98603 0.99242 0.99938 0.99846 0.99964 0.96961 0.99730 0.00000 0.99650 0.99848 0.99054 0.98689 0.98422 0.99193 0.99229 0.94535 0.99858
0.99821 0.98097 0.97563 0.99884 0.99847 0.99276 0.99909 0.99596 0.99635 0.99650 0.00000 0.99461 0.99803 0.98585 0.98488 0.97953 0.99723 0.73053 0.98845
0.99765 0.99370 0.99420 0.99231 0.99793 0.99946 0.99496 0.99952 0.99767 0.99848 0.99461 0.00000 0.99849 0.99530 0.99571 0.99462 0.99748 0.99055 0.99828
0.99882 0.94152 0.98954 0.95443 0.99940 0.99882 0.99978 0.99917 0.99803 0.99054 0.99803 0.99849 0.00000 0.99682 0.99669 0.99456 0.99176 0.98166 0.99883
0.97342 0.96603 0.98696 0.99057 0.97283 0.99602 0.88112 0.97800 0.98358 0.98689 0.98585 0.99530 0.99682 0.00000 0.79215 0.95636 0.99647 0.89555 0.91503
0.99419 0.95352 0.97294 0.98601 0.97124 0.99243 0.93717 0.97003 0.99257 0.98422 0.98488 0.99571 0.99669 0.79215 0.00000 0.93819 0.97572 0.85908 0.87664
0.99788 0.95773 0.97471 0.99064 0.99848 0.98938 0.93971 0.98733 0.99730 0.99193 0.97953 0.99462 0.99456 0.95636 0.93819 0.00000 0.98488 0.80080 0.94626
0.99772 0.99330 0.96360 0.97888 0.99984 0.99807 0.99904 0.99820 0.99869 0.99229 0.99723 0.99748 0.99176 0.99647 0.97572 0.98488 0.00000 0.97182 0.99622
0.97820 0.91721 0.91819 0.96867 0.96059 0.97261 0.95727 0.96428 0.98862 0.94535 0.73053 0.99055 0.98166 0.89555 0.85908 0.80080 0.97182 0.00000 0.73799
0.99923 0.96125 0.98679 0.99831 0.96608 0.95292 0.95993 0.98090 0.99871 0.99858 0.98845 0.99828 0.99883 0.91503 0.87664 0.94626 0.99622 0.73799 0.00000
