0.00000 0.98615 0.99169 0.97848 0.97653 0.99571 0.99911 0.96650 0.98545 0.99167 0.95710 0.99992 0.91194
0.98615 0.00000 0.91966 0.94935 0.98483 0.95578 0.88378 0.95922 0.97055 0.90634 0.78216 0.99670 0.92499
0.99169 0.91966 0.00000 0.98700 0.98549 0.97644 0.99132 0.98399 0.90643 0.95843 0.88023 0.98186 0.95190
0.97848 0.94935 0.98700 0.00000 0.99008 0.99960 0.94500 0.99240 0.99233 0.97767 0.96499 0.99985 0.99717
0.97653 0.98483 0.98549 0.99008 0.00000 0.98801 0.99833 0.96866 0.97728 0.98978 0.94223 0.99964 0.99759
0.99571 0.95578 0.97644 0.99960 0.98801 0.00000 0.99318 0.97745 0.99007 0.98941 0.93169 0.99986 0.99885
0.99911 0.88378 0.99132 0.94500 0.99833 0.99318 0.00000 0.99782 0.99909 0.99740 0.98482 0.99979 0.99631
0.96650 0.95922 0.98399 0.99240 0.96866 0.97745 0.99782 0.00000 0.93769 0.95973 0.89624 0.99192 0.98297
0.98545 0.97055 0.90643 0.99233 0.97728 0.99007 0.99909 0.93769 0.00000 0.94169 0.86064 0.99694 0.92899
0.99167 0.90634 0.95843 0.97767 0.98978 0.98941 0.99740 0.95973 0.94169 0.00000 0.68267 0.97798 0.76289
0.95710 0.78216 0.88023 0.96499 0.94223 0.93169 0.98482 0.89624 0.86064 0.68267 0.00000 0.93846 0.72627
0.99992 0.99670 0.98186 0.99985 0.99964 0.99986 0.99979 0.99192 0.99694 0.97798 0.93846 0.00000 0.99512
0.91194 0.92499 0.95190 0.99717 0.99759 0.99885 0.99631 0.98297 0.92899 0.76289 0.72627 0.99512 0.00000
