0.00000 0.99997 0.99977 0.99940 1.00000 0.99902 0.99980 0.99967 0.99991 0.99931 0.41870 0.99999
0.99997 0.00000 0.99058 0.99143 0.98816 0.99478 0.99865 0.93681 0.98333 0.98299 0.99913 0.99906
0.99977 0.99058 0.00000 0.93230 0.96798 0.95373 0.98509 0.96222 0.97671 0.95844 0.99530 0.99354
0.99940 0.99143 0.93230 0.00000 0.99245 0.97081 0.98362 0.97931 0.87610 0.95833 0.98797 0.99610
1.00000 0.98816 0.96798 0.99245 0.00000 0.99974 0.97940 0.98652 0.99376 0.98986 0.99993 0.99399
0.99902 0.99478 0.95373 0.97081 0.99974 0.00000 0.99122 0.95702 0.98850 0.96954 0.97404 0.99930
0.99980 0.99865 0.98509 0.98362 0.97940 0.99122 0.00000 0.99627 0.99921 0.99134 0.99392 0.99915
0.99967 0.93681 0.96222 0.97931 0.98652 0.95702 0.99627 0.00000 0.93219 0.93568 0.99381 0.97754
0.99991 0.98333 0.97671 0.87610 0.99376 0.98850 0.99921 0.93219 0.00000 0.95258 0.99783 0.98728
0.99931 0.98299 0.95844 0.95833 0.98986 0.96954 0.99134 0.93568 0.95258 0.00000 0.98836 0.96663
0.41870 0.99913 0.99530 0.98797 0.99993 0.97404 0.99392 0.99381 0.99783 0.98836 0.00000 0.99982
0.99999 0.99906 0.99354 0.99610 0.99399 0.99930 0.99915 0.97754 0.98728 0.96663 0.99982 0.00000
