0.00000 0.99448 0.99505 0.98210 0.98534 0.99942 0.99926 0.96126 0.99381 0.99849 0.99278 0.99990 0.99005 0.98116 0.99996
0.99448 0.00000 0.93754 0.97138 0.99333 0.96806 0.93830 0.96034 0.95149 0.99610 0.98893 0.99433 0.96069 0.92161 0.99797
0.99505 0.93754 0.00000 0.98191 0.99069 0.98351 0.99143 0.98694 0.97896 0.99720 0.98700 0.99585 0.96562 0.93512 0.99826
0.98210 0.97138 0.98191 0.00000 0.99758 0.99982 0.97807 0.99371 0.99181 0.97441 0.94298 0.99903 0.94172 0.89427 0.99993
0.98534 0.99333 0.99069 0.99758 0.00000 0.99569 0.99902 0.97591 0.99195 0.99933 0.99432 0.99975 0.99269 0.98413 0.99991
0.99942 0.96806 0.98351 0.99982 0.99569 0.00000 0.99345 0.98074 0.98572 0.99994 0.99890 0.99981 0.98130 0.95014 0.99995
0.99926 0.93830 0.99143 0.97807 0.99902 0.99345 0.00000 0.99838 0.99891 0.99767 0.99204 0.99990 0.98873 0.96186 0.99960
0.96126 0.96034 0.98694 0.99371 0.97591 0.98074 0.99838 0.00000 0.79748 0.99719 0.99631 0.97431 0.93415 0.93202 0.99914
0.99381 0.95149 0.97896 0.99181 0.99195 0.98572 0.99891 0.79748 0.00000 0.99875 0.99689 0.97572 0.93536 0.92035 0.99967
0.99849 0.99610 0.99720 0.97441 0.99933 0.99994 0.99767 0.99719 0.99875 0.00000 0.98620 0.99829 0.98250 0.93218 0.99977
0.99278 0.98893 0.98700 0.94298 0.99432 0.99890 0.99204 0.99631 0.99689 0.98620 0.00000 0.99861 0.97905 0.95452 0.99617
0.99990 0.99433 0.99585 0.99903 0.99975 0.99981 0.99990 0.97431 0.97572 0.99829 0.99861 0.00000 0.66302 0.71883 0.99773
0.99005 0.96069 0.96562 0.94172 0.99269 0.98130 0.98873 0.93415 0.93536 0.98250 0.97905 0.66302 0.00000 0.48983 0.95025
0.98116 0.92161 0.93512 0.89427 0.98413 0.95014 0.96186 0.93202 0.92035 0.93218 0.95452 0.71883 0.48983 0.00000 0.96909
0.99996 0.99797 0.99826 0.99993 0.99991 0.99995 0.99960 0.99914 0.99967 0.99977 0.99617 0.99773 0.95025 0.96909 0.00000
