0.00000 0.99434 0.99580 0.98972 0.99200 0.99962 0.99652 0.99842 0.99164 0.99921 0.99787 0.99944 0.96690 0.99513 0.98473 0.99838 0.99185 0.99662 0.97973
0.99434 0.00000 0.92199 0.96797 0.97639 0.99230 0.97909 0.98167 0.99260 0.96701 0.99202 0.90829 0.96413 0.95829 0.91881 0.99285 0.91882 0.98052 0.84164
0.99580 0.92199 0.00000 0.98265 0.99567 0.98996 0.99694 0.98726 0.99300 0.99306 0.99522 0.99205 0.98801 0.98329 0.96507 0.99351 0.95893 0.98021 0.94715
0.98972 0.96797 0.98265 0.00000 0.99991 0.99992 0.99959 0.99870 0.99646 0.99988 0.99364 0.96776 0.99027 0.98880 0.97561 0.99278 0.95310 0.97312 0.95849
0.99200 0.97639 0.99567 0.99991 0.00000 0.99931 0.99981 0.99922 0.98619 0.99873 0.99755 0.99995 0.97026 0.98185 0.91280 0.99804 0.99213 0.99919 0.86061
0.99962 0.99230 0.98996 0.99992 0.99931 0.00000 0.99127 0.99687 0.99899 0.99884 0.99929 0.99949 0.99485 0.99295 0.97344 0.99653 0.98479 0.98452 0.95486
0.99652 0.97909 0.99694 0.99959 0.99981 0.99127 0.00000 0.99419 0.99981 0.99978 0.99479 0.99983 0.89294 0.95953 0.91358 0.99842 0.96128 0.99401 0.93158
0.99842 0.98167 0.98726 0.99870 0.99922 0.99687 0.99419 0.00000 0.99848 0.97792 0.99916 0.99977 0.98160 0.98209 0.96333 0.99803 0.98730 0.99504 0.95781
0.99164 0.99260 0.99300 0.99646 0.98619 0.99899 0.99981 0.99848 0.00000 0.99682 0.99711 0.99899 0.98097 0.99288 0.98617 0.99742 0.99230 0.99768 0.97907
0.99921 0.96701 0.99306 0.99988 0.99873 0.99884 0.99978 0.97792 0.99682 0.00000 0.99880 0.99760 0.98265 0.98783 0.97356 0.99470 0.99247 0.99789 0.92690
0.99787 0.99202 0.99522 0.99364 0.99755 0.99929 0.99479 0.99916 0.99711 0.99880 0.00000 0.99935 0.99325 0.99618 0.98181 0.99810 0.98871 0.99694 0.97635
0.99944 0.90829 0.99205 0.96776 0.99995 0.99949 0.99983 0.99977 0.99899 0.99760 0.99935 0.00000 0.99814 0.99847 0.98303 0.99728 0.99170 0.99527 0.86413
0.96690 0.96413 0.98801 0.99027 0.97026 0.99485 0.89294 0.98160 0.98097 0.98265 0.99325 0.99814 0.00000 0.82901 0.90056 0.98296 0.96301 0.99163 0.88378
0.99513 0.95829 0.98329 0.98880 0.98185 0.99295 0.95953 0.98209 0.99288 0.98783 0.99618 0.99847 0.82901 0.00000 0.88952 0.98284 0.95800 0.99204 0.87564
0.98473 0.91881 0.96507 0.97561 0.91280 0.97344 0.91358 0.96333 0.98617 0.97356 0.98181 0.98303 0.90056 0.88952 0.00000 0.97398 0.87523 0.97284 0.76450
0.99838 0.99285 0.99351 0.99278 0.99804 0.99653 0.99842 0.99803 0.99742 0.99470 0.99810 0.99728 0.98296 0.98284 0.97398 0.00000 0.96352 0.99387 0.95361
0.99185 0.91882 0.95893 0.95310 0.99213 0.98479 0.96128 0.98730 0.99230 0.99247 0.98871 0.99170 0.96301 0.95800 0.87523 0.96352 0.00000 0.96971 0.48814
0.99662 0.98052 0.98021 0.97312 0.99919 0.98452 0.99401 0.99504 0.99768 0.99789 0.99694 0.99527 0.99163 0.99204 0.97284 0.99387 0.96971 0.00000 0.96089
0.97973 0.84164 0.94715 0.95849 0.86061 0.95486 0.93158 0.95781 0.97907 0.92690 0.97635 0.86413 0.88378 0.87564 0.76450 0.95361 0.48814 0.96089 0.00000
